Serial,Ad Name,Ad Set Name,Amount Spent,MAX ROAS,Scroll Stop > 30%,Hook Hold Rate > 40%,Hold Rate > 20%,Frequency,Reach,Results,Result rate,CPR,CPC,CTR,3 sec video,25% play,50% play,75% play,100% play
1,ad_id_662,ad_set_034,0.0,0.0,0.00%,0.00%,0.00%,0.0,0,0,0.00%,0.0,0.0,0.0,0,0,0,0,0
2,ad_id_1598,ad_set_114,0.0,0.0,0.00%,0.00%,0.00%,0.0,0,0,0.00%,0.0,0.0,0.0,0,0,0,0,0
3,ad_id_1412,ad_set_010,0.0,0.0,0.00%,0.00%,0.00%,0.0,0,0,0.00%,0.0,0.0,0.0,0,0,0,0,0
4,ad_id_369,ad_set_007,40.48,0.0,45.17%,43.34%,19.58%,1.26,675,0,0.00%,0.0,1.56,3.07,383,208,134,101,59
5,ad_id_239,ad_set_010,41.96,0.0,50.00%,41.39%,20.69%,1.31,728,0,0.00%,0.0,1.23,3.57,476,251,157,125,75
6,ad_id_961,ad_set_093,59.51,0.74,50.64%,39.91%,20.21%,1.25,1061,1,7.51%,59.51,1.24,3.61,674,334,215,174,116
7,ad_id_94,ad_set_028,42.72,0.0,47.87%,41.62%,19.92%,1.29,804,0,0.00%,0.0,1.38,3.0,495,266,168,134,80
8,ad_id_589,ad_set_025,40.58,0.0,41.03%,43.97%,18.04%,1.23,840,0,0.00%,0.0,0.97,4.07,423,230,139,113,74
9,ad_id_887,ad_set_093,40.66,0.0,44.81%,41.41%,18.55%,1.17,734,0,0.00%,0.0,1.51,3.15,384,195,123,92,64
10,ad_id_659,ad_set_025,0.33,0.0,15.00%,33.33%,5.00%,2.0,10,0,0.00%,0.0,0.33,5.0,3,1,1,1,1
11,ad_id_1638,ad_set_041,0.76,0.0,31.11%,28.57%,8.89%,1.29,35,0,0.00%,0.0,0.0,0.0,14,6,1,1,1
12,ad_id_1105,ad_set_113,1.26,0.0,28.57%,31.82%,9.09%,1.51,51,0,0.00%,0.0,0.42,3.9,22,9,7,5,3
13,ad_id_1003,ad_set_062,128.88,1.67,47.90%,38.49%,18.43%,1.26,2989,4,10.58%,32.22,1.05,3.25,1811,897,555,448,267
14,ad_id_886,ad_set_013,120.81,3.27,39.45%,45.91%,18.11%,1.22,2837,8,23.03%,15.1,0.93,3.74,1370,756,483,375,242
15,ad_id_402,ad_set_004,100.33,2.66,47.41%,34.88%,16.53%,1.26,2896,5,13.71%,20.07,0.96,2.88,1729,798,482,378,230
16,ad_id_972,ad_set_088,1.47,0.0,39.51%,37.50%,14.81%,1.21,67,0,0.00%,0.0,0.49,3.7,32,16,11,11,7
17,ad_id_1389,ad_set_092,3.13,0.0,34.40%,62.79%,21.60%,1.32,95,0,0.00%,0.0,0.78,3.2,43,31,19,13,11
18,ad_id_1313,ad_set_021,0.0,0.0,0.00%,0.00%,0.00%,0.0,0,0,0.00%,0.0,0.0,0.0,0,0,0,0,0
19,ad_id_1609,ad_set_029,0.0,0.0,0.00%,0.00%,0.00%,0.0,0,0,0.00%,0.0,0.0,0.0,0,0,0,0,0
20,ad_id_1355,ad_set_068,0.0,0.0,0.00%,0.00%,0.00%,0.0,0,0,0.00%,0.0,0.0,0.0,0,0,0,0,0
21,ad_id_164,ad_set_118,0.0,0.0,0.00%,0.00%,0.00%,0.0,0,0,0.00%,0.0,0.0,0.0,0,0,0,0,0
22,ad_id_1253,ad_set_016,0.0,0.0,0.00%,0.00%,0.00%,0.0,0,0,0.00%,0.0,0.0,0.0,0,0,0,0,0
23,ad_id_630,ad_set_021,0.0,0.0,0.00%,0.00%,0.00%,0.0,0,0,0.00%,0.0,0.0,0.0,0,0,0,0,0
24,ad_id_607,ad_set_002,0.0,0.0,0.00%,0.00%,0.00%,0.0,0,0,0.00%,0.0,0.0,0.0,0,0,0,0,0
25,ad_id_1142,ad_set_034,0.0,0.0,0.00%,0.00%,0.00%,0.0,0,0,0.00%,0.0,0.0,0.0,0,0,0,0,0
26,ad_id_1627,ad_set_038,1.33,0.0,37.96%,24.39%,9.26%,1.3,83,0,0.00%,0.0,0.0,0.0,41,17,6,3,1
27,ad_id_1320,ad_set_065,145.02,1.49,53.18%,49.73%,26.45%,1.45,2635,5,13.09%,29.0,1.13,3.35,2031,1181,851,669,415
28,ad_id_939,ad_set_022,1.29,0.0,40.21%,48.72%,19.59%,1.24,78,0,0.00%,0.0,0.43,3.09,39,25,16,14,5
29,ad_id_1120,ad_set_013,50.85,0.0,50.47%,46.36%,23.40%,1.19,984,0,0.00%,0.0,1.24,3.5,591,336,211,176,100
30,ad_id_868,ad_set_099,0.35,0.0,16.67%,50.00%,8.33%,1.09,11,0,0.00%,0.0,0.35,8.33,2,1,1,1,1
31,ad_id_1713,ad_set_050,76.63,0.61,48.59%,43.66%,21.21%,1.25,1787,1,4.47%,76.63,0.89,3.84,1088,485,302,141,96
32,ad_id_599,ad_set_111,0.36,0.0,33.33%,57.14%,19.05%,1.0,21,0,0.00%,0.0,0.0,0.0,7,4,2,1,1
33,ad_id_34,ad_set_051,53.97,0.81,50.69%,24.18%,12.26%,1.25,1159,1,6.89%,53.97,1.23,3.03,736,234,116,78,53
34,ad_id_975,ad_set_080,0.85,0.0,42.86%,66.67%,28.57%,1.0,14,0,0.00%,0.0,0.43,14.29,6,4,2,2,2
35,ad_id_1778,ad_set_008,72.07,1.3,45.12%,29.24%,13.19%,1.2,1617,2,10.27%,36.04,0.91,4.06,879,374,190,141,108
36,ad_id_1551,ad_set_048,54.25,0.0,50.08%,38.70%,19.38%,1.24,1039,0,0.00%,0.0,0.7,5.97,646,281,147,90,61
37,ad_id_170,ad_set_067,532.76,1.88,32.64%,41.06%,13.40%,1.26,10040,21,16.56%,25.37,1.01,4.17,4140,1080,684,509,383
38,ad_id_141,ad_set_037,372.34,1.42,33.99%,41.33%,14.05%,1.16,8046,12,12.86%,31.03,1.0,4.0,3172,843,497,348,256
39,ad_id_1541,ad_set_095,419.32,1.44,34.07%,42.98%,14.64%,1.15,9183,13,12.27%,32.26,0.88,4.48,3611,1063,652,463,353
40,ad_id_756,ad_set_023,86.29,1.52,25.74%,47.28%,12.17%,1.43,1704,3,12.34%,28.76,1.14,3.13,626,343,225,166,103
41,ad_id_317,ad_set_093,465.14,2.09,34.85%,44.12%,15.38%,1.23,8999,21,19.03%,22.15,0.95,4.45,3846,1151,707,505,376
42,ad_id_1709,ad_set_036,0.8,0.0,55.17%,0.00%,0.00%,1.04,28,0,0.00%,0.0,0.0,0.0,16,5,0,0,0
43,ad_id_800,ad_set_003,11.7,0.0,45.22%,55.07%,24.90%,1.25,401,0,0.00%,0.0,0.69,3.39,227,139,72,45,28
44,ad_id_1132,ad_set_013,203.61,1.13,51.29%,41.70%,21.39%,1.2,4087,4,8.16%,50.9,1.02,4.08,2513,1175,642,399,248
45,ad_id_1522,ad_set_105,2.75,0.0,0.00%,0.00%,0.00%,1.11,122,0,0.00%,0.0,0.92,2.21,0,0,0,0,0
46,ad_id_1174,ad_set_052,26.44,0.0,0.00%,0.00%,0.00%,1.26,923,0,0.00%,0.0,0.83,2.74,0,0,0,0,0
47,ad_id_1171,ad_set_060,27.75,0.0,0.00%,0.00%,0.00%,1.26,875,0,0.00%,0.0,0.71,3.55,0,0,0,0,0
48,ad_id_1260,ad_set_094,9.38,0.0,53.99%,32.95%,17.79%,1.11,147,0,0.00%,0.0,0.94,6.13,88,32,23,16,16
49,ad_id_1485,ad_set_019,3.52,0.0,33.33%,46.67%,15.56%,1.0,90,0,0.00%,0.0,1.17,3.33,30,18,13,12,8
50,ad_id_266,ad_set_006,105.3,1.03,43.54%,32.24%,14.04%,1.11,1828,2,9.82%,52.65,1.55,3.34,887,331,220,152,94
51,ad_id_100,ad_set_090,114.04,1.16,36.54%,40.63%,14.84%,1.01,2929,3,10.12%,38.01,0.93,4.15,1083,311,208,155,111
52,ad_id_1275,ad_set_050,17.87,0.0,52.83%,38.68%,20.43%,1.11,414,0,0.00%,0.0,1.49,2.61,243,115,62,30,18
53,ad_id_1495,ad_set_066,56.16,0.0,62.33%,48.51%,30.23%,1.14,895,0,0.00%,0.0,1.65,3.33,637,362,213,144,77
54,ad_id_1443,ad_set_071,2.86,0.0,63.93%,56.41%,36.07%,1.17,52,0,0.00%,0.0,0.95,4.92,39,25,13,9,4
55,ad_id_512,ad_set_016,37.96,0.0,51.79%,45.68%,23.66%,1.11,706,0,0.00%,0.0,1.05,4.6,405,213,115,68,50
56,ad_id_1482,ad_set_049,11.17,3.04,52.28%,41.92%,21.92%,1.11,396,1,22.83%,11.17,0.45,5.71,229,112,60,34,26
57,ad_id_1658,ad_set_013,25.9,0.0,54.23%,47.07%,25.53%,1.23,617,0,0.00%,0.0,0.84,4.1,410,217,104,57,32
58,ad_id_1516,ad_set_031,0.37,0.0,47.06%,50.00%,23.53%,1.06,16,0,0.00%,0.0,0.0,0.0,8,5,1,1,1
59,ad_id_656,ad_set_056,1.03,0.0,61.76%,42.86%,26.47%,1.13,30,0,0.00%,0.0,0.52,5.88,21,10,2,1,0
60,ad_id_935,ad_set_046,12.82,0.0,38.86%,41.26%,16.03%,1.16,317,0,0.00%,0.0,0.75,4.62,143,64,45,31,24
61,ad_id_885,ad_set_098,2.42,0.0,35.23%,32.26%,11.36%,1.07,82,0,0.00%,0.0,1.21,2.27,31,14,5,2,1
62,ad_id_1353,ad_set_027,41.5,2.0,41.54%,43.58%,18.10%,1.21,1055,2,15.67%,20.75,0.88,3.68,530,250,163,93,61
63,ad_id_178,ad_set_050,2.67,0.0,37.08%,42.42%,15.73%,1.1,81,0,0.00%,0.0,0.67,4.49,33,14,9,8,5
64,ad_id_732,ad_set_043,3.14,0.0,48.48%,37.50%,18.18%,1.08,92,0,0.00%,0.0,0.79,4.04,48,21,9,7,6
65,ad_id_1671,ad_set_069,7.2,0.0,46.20%,43.84%,20.25%,1.07,148,0,0.00%,0.0,1.8,2.53,73,36,24,13,6
66,ad_id_1456,ad_set_102,25.25,0.0,45.74%,37.21%,17.02%,1.06,620,0,0.00%,0.0,0.9,4.26,301,137,68,38,20
67,ad_id_452,ad_set_039,1.8,0.0,70.37%,50.00%,35.19%,1.54,35,0,0.00%,0.0,1.8,1.85,38,19,17,11,10
68,ad_id_1597,ad_set_012,557.75,1.64,49.69%,43.32%,21.53%,1.45,9997,19,13.14%,29.36,0.95,4.08,7183,3490,1941,1180,749
69,ad_id_46,ad_set_063,143.12,1.26,59.06%,48.58%,28.69%,1.2,3371,3,7.41%,47.71,1.01,3.51,2390,1378,749,486,248
70,ad_id_1176,ad_set_037,1.59,0.0,39.34%,50.00%,19.67%,1.15,53,0,0.00%,0.0,1.59,1.64,24,14,8,7,3
71,ad_id_154,ad_set_043,15.52,0.0,60.49%,46.80%,28.31%,1.08,454,0,0.00%,0.0,1.03,3.05,297,171,85,47,31
72,ad_id_453,ad_set_060,15.49,0.0,47.24%,35.47%,16.76%,1.15,488,0,0.00%,0.0,0.74,3.74,265,116,66,45,26
73,ad_id_1135,ad_set_115,3.87,0.0,27.88%,27.59%,7.69%,1.05,99,0,0.00%,0.0,3.87,0.96,29,20,8,4,2
74,ad_id_643,ad_set_034,5.66,0.0,47.21%,31.18%,14.72%,1.36,145,0,0.00%,0.0,0.71,4.06,93,54,30,23,19
75,ad_id_409,ad_set_098,4.34,0.0,38.06%,39.22%,14.93%,1.41,95,0,0.00%,0.0,0.72,4.48,51,35,21,14,9
76,ad_id_865,ad_set_049,31.73,1.5,38.84%,38.97%,15.14%,1.21,832,1,9.96%,31.73,1.02,3.09,390,270,161,103,84
77,ad_id_1269,ad_set_071,35.84,1.23,36.54%,40.90%,14.94%,1.12,873,1,10.24%,35.84,1.43,2.56,357,245,156,103,74
78,ad_id_896,ad_set_054,5.01,0.0,30.95%,34.62%,10.71%,1.14,147,0,0.00%,0.0,0.84,3.57,52,35,19,14,13
79,ad_id_165,ad_set_083,1.27,0.0,20.34%,25.00%,5.08%,1.13,52,0,0.00%,0.0,0.0,0.0,12,7,3,3,2
80,ad_id_948,ad_set_010,3.29,0.0,31.67%,31.58%,10.00%,1.18,51,0,0.00%,0.0,0.0,0.0,19,12,7,5,3
81,ad_id_1299,ad_set_109,2.5,0.0,38.61%,30.77%,11.88%,1.07,94,0,0.00%,0.0,0.63,3.96,39,27,12,8,4
82,ad_id_1258,ad_set_083,22.63,0.0,38.73%,41.44%,16.05%,1.3,579,0,0.00%,0.0,1.26,2.39,292,191,126,89,66
83,ad_id_580,ad_set_018,28.58,2.24,42.19%,40.51%,17.09%,1.18,867,1,9.77%,28.58,0.92,3.03,432,312,180,135,111
84,ad_id_1284,ad_set_066,3.62,0.0,34.19%,22.50%,7.69%,1.38,85,0,0.00%,0.0,1.81,1.71,40,25,10,7,7
85,ad_id_354,ad_set_051,106.74,0.0,57.56%,48.61%,27.98%,1.44,1917,0,0.00%,0.0,1.1,3.52,1584,967,612,403,238
86,ad_id_176,ad_set_019,0.22,0.0,43.75%,57.14%,25.00%,1.07,15,0,0.00%,0.0,0.22,6.25,7,5,4,3,1
87,ad_id_367,ad_set_062,121.94,0.71,41.32%,37.95%,15.68%,1.39,2361,2,6.09%,60.97,1.1,3.38,1357,929,543,419,324
88,ad_id_1550,ad_set_014,64.47,0.74,58.33%,47.62%,27.78%,1.17,1324,1,6.46%,64.47,1.29,3.23,903,524,270,174,111
89,ad_id_92,ad_set_070,13.21,6.93,53.51%,45.70%,24.46%,1.08,381,2,48.43%,6.61,0.88,3.63,221,126,61,31,23
90,ad_id_1033,ad_set_062,7.79,0.0,56.03%,41.54%,23.28%,1.07,217,0,0.00%,0.0,1.3,2.59,130,65,30,18,14
91,ad_id_240,ad_set_102,5.51,0.0,57.94%,45.16%,26.17%,1.05,102,0,0.00%,0.0,1.84,2.8,62,30,18,11,8
92,ad_id_499,ad_set_052,1.13,0.0,45.16%,35.71%,16.13%,1.03,30,0,0.00%,0.0,0.0,0.0,14,6,4,2,2
93,ad_id_666,ad_set_105,25.98,1.69,55.29%,46.77%,25.86%,1.18,664,1,12.74%,25.98,1.13,2.93,434,259,150,82,48
94,ad_id_636,ad_set_082,0.87,0.0,58.33%,50.00%,29.17%,1.09,22,0,0.00%,0.0,0.0,0.0,14,9,5,3,1
95,ad_id_922,ad_set_031,10.45,0.0,59.27%,36.73%,21.77%,1.11,223,0,0.00%,0.0,1.49,2.82,147,75,40,19,11
96,ad_id_1618,ad_set_065,29.65,1.48,57.97%,43.98%,25.49%,1.15,750,1,11.64%,29.65,1.1,3.14,498,291,171,99,54
97,ad_id_1108,ad_set_066,1.97,0.0,53.33%,43.75%,23.33%,1.07,28,0,0.00%,0.0,1.97,3.33,16,11,4,2,1
98,ad_id_1092,ad_set_033,3.69,0.0,44.59%,57.58%,25.68%,1.14,65,0,0.00%,0.0,0.92,5.41,33,21,14,8,4
99,ad_id_233,ad_set_031,3.2,0.0,59.18%,44.83%,26.53%,1.07,46,0,0.00%,0.0,3.2,2.04,29,13,9,1,1
100,ad_id_1659,ad_set_007,48.87,0.0,54.40%,44.63%,24.28%,1.27,1041,0,0.00%,0.0,1.4,2.66,717,424,214,137,84
101,ad_id_1453,ad_set_110,16.17,2.97,51.06%,46.63%,23.81%,1.13,335,1,26.46%,16.17,1.62,2.65,193,115,79,44,29
102,ad_id_494,ad_set_021,15.42,4.15,54.29%,44.98%,24.42%,1.12,344,1,25.97%,15.42,1.1,3.64,209,126,70,35,29
103,ad_id_1391,ad_set_049,10.68,0.0,55.45%,52.38%,29.04%,1.13,269,0,0.00%,0.0,1.19,2.97,168,112,69,52,27
104,ad_id_1511,ad_set_093,19.92,0.0,42.54%,48.85%,20.78%,1.13,362,0,0.00%,0.0,1.0,4.89,174,101,61,46,28
105,ad_id_1378,ad_set_056,1618.66,1.45,32.58%,45.39%,14.79%,1.7,22759,50,12.92%,32.37,0.98,4.25,12612,6893,4594,3391,2213
106,ad_id_1163,ad_set_109,2041.56,2.19,36.34%,43.15%,15.68%,1.33,40144,99,18.48%,20.62,0.83,4.62,19468,5727,3602,2523,1898
107,ad_id_937,ad_set_072,54.71,0.0,45.75%,36.59%,16.74%,1.17,1336,0,0.00%,0.0,0.99,3.51,716,317,195,147,102
108,ad_id_894,ad_set_099,39.53,0.99,43.75%,36.60%,16.02%,1.2,1088,1,7.66%,39.53,0.76,3.98,571,260,155,118,85
109,ad_id_1491,ad_set_016,395.18,1.86,48.11%,38.32%,18.43%,1.4,8213,13,11.29%,30.4,1.0,3.45,5538,2573,1496,1143,764
110,ad_id_1179,ad_set_061,62.13,0.71,47.71%,35.79%,17.08%,1.23,1386,1,5.87%,62.13,1.07,3.4,813,346,190,138,94
111,ad_id_1043,ad_set_006,62.28,0.0,50.63%,45.09%,22.83%,1.16,1023,0,0.00%,0.0,1.33,3.96,601,326,223,182,110
112,ad_id_931,ad_set_061,0.49,0.0,17.65%,33.33%,5.88%,1.89,18,0,0.00%,0.0,0.0,0.0,6,1,1,0,0
113,ad_id_1,ad_set_009,2.27,0.0,33.33%,25.00%,8.33%,1.16,31,0,0.00%,0.0,2.27,2.78,12,1,1,0,0
114,ad_id_1684,ad_set_008,284.75,0.54,35.58%,48.63%,17.30%,1.22,4374,4,7.50%,71.19,1.18,4.54,1898,1097,726,549,345
115,ad_id_457,ad_set_023,80.2,1.06,43.15%,41.03%,17.70%,1.4,1034,2,13.83%,40.1,1.22,4.56,624,189,120,88,57
116,ad_id_54,ad_set_071,0.3,0.0,13.64%,33.33%,4.55%,1.22,18,0,0.00%,0.0,0.0,0.0,3,2,1,0,0
117,ad_id_567,ad_set_099,1.19,0.0,29.41%,33.33%,9.80%,1.24,41,0,0.00%,0.0,1.19,1.96,15,5,4,2,1
118,ad_id_781,ad_set_081,591.23,1.58,41.69%,41.15%,17.16%,1.77,8266,19,12.99%,31.12,0.97,4.18,6100,2790,1806,1127,733
119,ad_id_169,ad_set_067,1.89,0.0,10.13%,50.00%,5.06%,2.39,66,0,0.00%,0.0,1.89,0.63,16,5,3,3,3
120,ad_id_1508,ad_set_034,2734.66,2.2,36.25%,43.26%,15.68%,1.41,49437,128,18.40%,21.36,0.84,4.65,25220,7488,4675,3372,2493
121,ad_id_1343,ad_set_014,3534.91,1.97,36.08%,43.31%,15.63%,1.49,64597,153,15.88%,23.1,0.78,4.73,34767,10287,6408,4600,3366
122,ad_id_796,ad_set_038,1.32,0.0,11.63%,33.33%,3.88%,2.08,62,0,0.00%,0.0,0.0,0.0,15,0,0,0,0
123,ad_id_292,ad_set_073,0.23,0.0,62.50%,40.00%,25.00%,1.0,8,0,0.00%,0.0,0.23,12.5,5,2,1,1,1
124,ad_id_710,ad_set_092,108.66,0.88,41.05%,33.57%,13.78%,1.42,1691,1,4.16%,108.66,0.98,4.62,986,132,82,61,50
125,ad_id_502,ad_set_106,4.57,0.0,45.27%,40.30%,18.24%,1.17,126,0,0.00%,0.0,0.35,8.78,67,7,6,6,4
126,ad_id_199,ad_set_022,46.17,0.0,50.85%,34.45%,17.52%,1.4,1008,0,0.00%,0.0,0.92,3.55,717,258,144,93,72
127,ad_id_644,ad_set_106,1.95,0.0,41.67%,45.71%,19.05%,1.18,71,0,0.00%,0.0,0.39,5.95,35,16,9,5,5
128,ad_id_1081,ad_set_103,4.18,0.0,26.63%,34.69%,9.24%,2.01,183,0,0.00%,0.0,0.84,1.36,98,35,18,15,8
129,ad_id_212,ad_set_003,2.84,0.0,14.69%,48.39%,7.11%,2.11,100,0,0.00%,0.0,0.71,1.9,31,16,8,3,2
130,ad_id_442,ad_set_052,119.98,1.11,42.71%,38.55%,16.46%,1.54,2398,3,8.15%,39.99,0.69,4.75,1572,713,424,312,202
131,ad_id_650,ad_set_045,2.03,0.0,39.83%,23.40%,9.32%,1.15,103,0,0.00%,0.0,0.34,5.08,47,15,9,4,2
132,ad_id_357,ad_set_076,17.35,0.0,37.82%,44.61%,16.87%,1.89,481,1,11.03%,17.35,0.75,2.54,343,183,128,97,65
133,ad_id_860,ad_set_047,25.95,0.0,29.40%,38.46%,11.31%,1.68,605,0,0.00%,0.0,0.81,3.15,299,156,62,42,29
134,ad_id_313,ad_set_099,65.95,0.52,37.00%,39.73%,14.70%,1.44,1367,1,5.07%,65.95,1.29,2.58,730,343,239,194,143
135,ad_id_657,ad_set_083,6.03,0.0,31.78%,43.14%,13.71%,1.43,225,0,0.00%,0.0,0.75,2.49,102,49,39,30,23
136,ad_id_1333,ad_set_094,0.11,0.0,50.00%,50.00%,25.00%,1.09,11,0,0.00%,0.0,0.0,0.0,6,4,3,2,2
137,ad_id_321,ad_set_007,0.05,0.0,0.00%,0.00%,0.00%,1.0,5,0,0.00%,0.0,0.0,0.0,0,0,0,0,0
138,ad_id_640,ad_set_013,3.07,0.0,41.67%,53.33%,22.22%,1.06,68,0,0.00%,0.0,1.54,2.78,30,18,11,8,3
139,ad_id_879,ad_set_067,2.5,0.0,34.94%,31.03%,10.84%,1.05,79,0,0.00%,0.0,0.83,3.61,29,9,8,7,5
140,ad_id_281,ad_set_068,4.2,0.0,43.02%,43.24%,18.60%,1.06,81,0,0.00%,0.0,1.4,3.49,37,20,12,11,9
141,ad_id_1393,ad_set_083,0.19,0.0,41.67%,20.00%,8.33%,1.2,10,0,0.00%,0.0,0.0,0.0,5,1,1,1,1
142,ad_id_325,ad_set_024,1.36,0.0,31.58%,46.67%,14.74%,1.44,66,0,0.00%,0.0,0.68,2.11,30,16,8,4,3
143,ad_id_383,ad_set_092,2189.77,2.39,32.27%,48.93%,15.79%,1.79,27342,112,22.85%,19.55,0.94,4.74,15820,9207,6143,4561,2997
144,ad_id_917,ad_set_083,2723.74,1.9,32.54%,48.81%,15.88%,1.85,35140,111,17.12%,24.54,0.9,4.64,21102,12106,8176,6138,3880
145,ad_id_613,ad_set_004,46.81,0.0,39.55%,36.12%,14.29%,1.23,1059,0,0.00%,0.0,1.2,3.0,515,227,165,139,93
146,ad_id_229,ad_set_105,54.02,0.0,0.00%,0.00%,0.00%,1.61,1406,0,0.00%,0.0,1.35,1.77,0,0,0,0,0
147,ad_id_1535,ad_set_018,1.02,0.0,50.00%,50.00%,25.00%,1.19,37,0,0.00%,0.0,1.02,2.27,22,13,9,9,5
148,ad_id_963,ad_set_033,49.75,0.86,51.51%,32.83%,16.91%,1.26,1134,1,7.02%,49.75,0.87,4.0,734,434,174,125,69
149,ad_id_978,ad_set_067,1898.48,2.16,32.16%,49.63%,15.96%,1.81,25291,84,18.33%,22.6,0.89,4.66,14742,8483,5515,4074,2644
150,ad_id_529,ad_set_109,2.74,0.0,43.87%,55.88%,24.52%,1.38,112,0,0.00%,0.0,0.46,3.87,68,41,33,21,13
151,ad_id_775,ad_set_002,0.33,0.0,45.83%,45.45%,20.83%,1.14,21,0,0.00%,0.0,0.33,4.17,11,7,4,3,2
152,ad_id_10,ad_set_019,4017.25,1.94,31.22%,48.87%,15.26%,2.07,50572,163,15.60%,24.65,0.88,4.34,32626,18813,12291,8974,5790
153,ad_id_792,ad_set_018,0.46,0.0,35.00%,28.57%,10.00%,1.05,19,0,0.00%,0.0,0.46,5.0,7,3,2,1,1
154,ad_id_361,ad_set_010,1.09,0.0,37.04%,20.00%,7.41%,1.23,22,0,0.00%,0.0,0.55,7.41,10,6,2,2,2
155,ad_id_1076,ad_set_052,28.18,0.0,60.32%,39.87%,24.05%,1.07,1205,0,0.00%,0.0,0.61,3.56,780,432,227,170,102
156,ad_id_1577,ad_set_109,3.15,0.0,42.65%,32.76%,13.97%,1.12,121,0,0.00%,0.0,0.45,5.15,58,20,15,11,5
157,ad_id_1140,ad_set_004,0.43,0.0,62.07%,22.22%,13.79%,1.07,27,0,0.00%,0.0,0.43,3.45,18,5,3,3,1
158,ad_id_23,ad_set_006,0.5,0.0,37.50%,22.22%,8.33%,1.04,23,0,0.00%,0.0,0.0,0.0,9,2,2,2,1
159,ad_id_1048,ad_set_031,0.74,0.0,65.63%,38.10%,25.00%,1.23,26,0,0.00%,0.0,0.74,3.13,21,10,5,5,5
160,ad_id_1580,ad_set_023,1.73,0.0,20.51%,50.00%,10.26%,1.05,37,0,0.00%,0.0,0.87,5.13,8,4,3,2,2
161,ad_id_806,ad_set_068,0.34,0.0,29.17%,57.14%,16.67%,1.14,21,0,0.00%,0.0,0.0,0.0,7,4,3,3,1
162,ad_id_1155,ad_set_042,461.48,1.45,58.99%,39.09%,23.06%,1.39,15612,17,7.86%,27.15,0.73,2.9,12761,6754,3600,2645,1607
163,ad_id_1157,ad_set_053,0.14,0.0,0.00%,0.00%,0.00%,1.5,14,0,0.00%,0.0,0.0,0.0,0,0,0,0,0
164,ad_id_1621,ad_set_022,0.29,0.0,41.67%,10.00%,4.17%,1.04,23,0,0.00%,0.0,0.0,0.0,10,1,1,1,1
165,ad_id_1225,ad_set_008,26.38,0.0,34.53%,25.00%,8.63%,1.11,678,0,0.00%,0.0,1.01,3.45,260,99,53,41,30
166,ad_id_445,ad_set_002,26.59,0.0,40.53%,28.24%,11.44%,1.12,475,0,0.00%,0.0,1.56,3.19,216,108,47,38,25
167,ad_id_121,ad_set_021,28.8,0.0,42.00%,39.12%,16.43%,1.21,579,0,0.00%,0.0,1.6,2.57,294,116,58,41,30
168,ad_id_1562,ad_set_027,159.32,1.42,34.36%,43.17%,14.83%,1.99,2802,5,8.99%,31.86,0.75,3.83,1911,1081,540,315,212
169,ad_id_1554,ad_set_056,41.12,0.0,48.47%,25.92%,12.56%,1.16,1013,0,0.00%,0.0,1.33,2.63,571,150,83,47,34
170,ad_id_1035,ad_set_024,54.06,0.0,44.92%,29.43%,13.22%,1.28,895,0,0.00%,0.0,1.74,2.71,513,473,256,179,155
171,ad_id_906,ad_set_065,0.06,0.0,36.36%,0.00%,0.00%,1.1,10,0,0.00%,0.0,0.0,0.0,4,4,1,0,0
172,ad_id_843,ad_set_091,18.98,2.11,54.50%,33.72%,18.38%,1.04,757,1,12.67%,18.98,1.19,2.03,430,210,106,78,44
173,ad_id_738,ad_set_047,4.34,0.0,57.24%,15.66%,8.97%,1.04,139,0,0.00%,0.0,4.34,0.69,83,19,12,9,6
174,ad_id_123,ad_set_092,0.28,0.0,33.33%,60.00%,20.00%,1.0,15,0,0.00%,0.0,0.28,6.67,5,4,3,2,0
175,ad_id_1722,ad_set_102,0.97,0.0,51.72%,33.33%,17.24%,1.0,29,0,0.00%,0.0,0.49,6.9,15,6,3,2,2
176,ad_id_490,ad_set_050,1.52,0.0,26.98%,35.29%,9.52%,1.02,62,0,0.00%,0.0,1.52,1.59,17,8,4,4,1
177,ad_id_254,ad_set_087,6.98,0.0,56.00%,15.71%,8.80%,1.05,238,0,0.00%,0.0,1.75,1.6,140,30,14,13,7
178,ad_id_1679,ad_set_018,1.32,0.0,56.00%,35.71%,20.00%,1.09,23,0,0.00%,0.0,1.32,4.0,14,7,4,3,3
179,ad_id_795,ad_set_020,54.0,0.72,57.31%,23.73%,13.60%,1.2,1456,1,5.71%,54.0,0.96,3.2,1003,293,170,114,65
180,ad_id_187,ad_set_092,22.75,0.0,32.57%,47.55%,15.49%,1.05,417,0,0.00%,0.0,1.26,4.1,143,82,54,34,25
181,ad_id_1646,ad_set_090,2.48,0.0,37.14%,57.69%,21.43%,1.01,69,0,0.00%,0.0,1.24,2.86,26,17,8,6,6
182,ad_id_477,ad_set_064,1.64,0.0,41.67%,40.00%,16.67%,1.0,24,0,0.00%,0.0,1.64,4.17,10,4,3,3,1
183,ad_id_70,ad_set_104,0.27,0.0,35.29%,16.67%,5.88%,1.0,17,0,0.00%,0.0,0.27,5.88,6,1,1,1,1
184,ad_id_1578,ad_set_107,4.1,15.6,65.22%,38.33%,25.00%,1.01,182,1,54.35%,4.1,0.82,2.72,120,50,38,32,21
185,ad_id_816,ad_set_065,0.58,0.0,50.00%,50.00%,25.00%,1.0,20,0,0.00%,0.0,0.0,0.0,10,7,2,1,1
186,ad_id_522,ad_set_049,4.96,0.0,46.15%,53.70%,24.79%,1.02,115,0,0.00%,0.0,0.83,5.13,54,32,24,18,13
187,ad_id_481,ad_set_106,2.69,0.0,44.44%,46.88%,20.83%,1.0,72,0,0.00%,0.0,0.9,4.17,32,16,15,9,6
188,ad_id_546,ad_set_023,0.84,0.0,51.52%,17.65%,9.09%,1.03,32,0,0.00%,0.0,0.42,6.06,17,4,3,2,2
189,ad_id_1553,ad_set_063,5.19,0.0,58.64%,28.57%,16.75%,1.03,185,0,0.00%,0.0,0.87,3.14,112,45,24,13,9
190,ad_id_30,ad_set_067,11.35,0.0,61.93%,22.94%,14.21%,1.01,369,0,0.00%,0.0,1.26,2.41,231,77,43,28,16
191,ad_id_51,ad_set_026,1.9,0.0,61.76%,28.57%,17.65%,1.03,33,0,0.00%,0.0,1.9,2.94,21,9,3,3,3
192,ad_id_438,ad_set_066,0.79,0.0,47.62%,20.00%,9.52%,1.0,21,0,0.00%,0.0,0.0,0.0,10,3,1,1,1
193,ad_id_1524,ad_set_068,1.69,0.0,14.81%,50.00%,7.41%,1.08,25,0,0.00%,0.0,0.0,0.0,4,2,2,2,1
194,ad_id_1767,ad_set_067,0.91,0.0,17.39%,25.00%,4.35%,1.05,22,0,0.00%,0.0,0.0,0.0,4,2,1,1,1
195,ad_id_1330,ad_set_086,9.23,0.0,43.01%,25.00%,10.75%,1.09,170,0,0.00%,0.0,1.15,4.3,80,31,16,11,8
196,ad_id_1309,ad_set_049,3.38,0.0,37.97%,30.00%,11.39%,1.03,77,0,0.00%,0.0,3.38,1.27,30,12,8,7,7
197,ad_id_850,ad_set_038,0.73,0.0,50.00%,33.33%,16.67%,1.04,23,0,0.00%,0.0,0.0,0.0,12,6,4,4,4
198,ad_id_688,ad_set_080,46.0,0.0,41.48%,26.59%,11.03%,1.17,681,1,12.53%,46.0,1.92,3.01,331,135,69,43,24
199,ad_id_1148,ad_set_044,63.12,0.68,42.80%,35.32%,15.12%,1.14,1580,1,5.56%,63.12,1.13,3.11,770,359,204,154,111
200,ad_id_1236,ad_set_113,7.24,0.0,55.59%,19.51%,10.85%,1.06,279,0,0.00%,0.0,1.81,1.36,164,51,21,17,8
201,ad_id_1677,ad_set_042,33.62,1.16,58.97%,26.19%,15.44%,1.15,1115,1,7.80%,33.62,0.84,3.12,756,257,147,111,75
202,ad_id_969,ad_set_061,9.05,4.31,45.61%,23.85%,10.88%,1.14,420,1,20.92%,9.05,0.53,3.56,218,79,40,30,16
203,ad_id_709,ad_set_072,23.02,3.39,38.06%,34.32%,13.06%,1.05,588,2,32.26%,11.51,1.77,2.1,236,104,70,55,30
204,ad_id_1719,ad_set_060,87.63,2.27,40.99%,34.95%,14.33%,1.12,3054,5,14.62%,17.53,0.89,2.89,1402,631,376,303,194
205,ad_id_848,ad_set_029,3.26,0.0,38.05%,23.26%,8.85%,1.03,110,0,0.00%,0.0,1.63,1.77,43,15,7,3,0
206,ad_id_852,ad_set_021,75.84,1.3,60.69%,39.41%,23.92%,1.0,3391,2,5.90%,37.92,0.62,3.63,2058,1104,563,403,230
207,ad_id_37,ad_set_027,2.45,0.0,61.11%,20.45%,12.50%,1.03,70,0,0.00%,0.0,1.23,2.78,44,10,9,7,6
208,ad_id_218,ad_set_069,5.26,0.0,43.95%,24.64%,10.83%,1.21,130,0,0.00%,0.0,0.75,4.46,69,28,10,7,4
209,ad_id_1238,ad_set_100,8.06,0.0,52.85%,27.69%,14.63%,1.08,228,0,0.00%,0.0,2.02,1.63,130,49,24,18,13
210,ad_id_378,ad_set_076,352.6,1.81,60.68%,37.12%,22.52%,1.1,13723,15,9.92%,23.51,0.91,2.57,9174,4634,2352,1703,932
211,ad_id_1054,ad_set_120,2.52,0.0,22.83%,52.38%,11.96%,1.07,86,0,0.00%,0.0,0.0,0.0,21,12,7,6,5
212,ad_id_815,ad_set_103,2.09,0.0,36.59%,40.00%,14.63%,1.14,36,0,0.00%,0.0,2.09,2.44,15,9,6,3,3
213,ad_id_814,ad_set_029,2.24,0.0,47.50%,47.37%,22.50%,1.03,39,0,0.00%,0.0,0.75,7.5,19,13,8,7,5
214,ad_id_1750,ad_set_080,32.86,0.0,38.04%,49.54%,18.84%,1.24,923,0,0.00%,0.0,0.62,4.65,434,271,179,135,97
215,ad_id_1498,ad_set_072,1336.84,1.64,33.54%,48.96%,16.42%,1.64,22089,54,14.89%,24.76,0.88,4.18,12159,7011,4429,3196,1939
216,ad_id_944,ad_set_103,754.15,1.77,24.37%,45.99%,11.21%,1.59,14214,34,15.01%,22.18,0.9,3.71,5521,3038,1946,1422,862
217,ad_id_182,ad_set_106,700.74,1.55,27.16%,48.06%,13.06%,1.54,12730,26,13.28%,26.95,0.91,3.93,5316,3012,1990,1457,905
218,ad_id_1791,ad_set_038,399.71,1.8,31.42%,47.34%,14.87%,1.33,7735,17,16.55%,23.51,1.0,3.89,3228,1858,1182,852,538
219,ad_id_892,ad_set_010,12.33,0.0,48.38%,27.14%,13.13%,1.09,512,0,0.00%,0.0,0.95,2.34,269,95,54,37,28
220,ad_id_1723,ad_set_019,59.26,0.0,44.93%,28.37%,12.75%,1.16,2313,0,0.00%,0.0,1.0,2.21,1202,464,241,166,100
221,ad_id_1084,ad_set_118,30.34,0.0,62.43%,15.62%,9.75%,1.16,1335,0,0.00%,0.0,1.05,1.87,967,218,97,69,43
222,ad_id_1068,ad_set_061,17.04,0.0,57.07%,22.10%,12.61%,1.13,693,0,0.00%,0.0,0.9,2.42,448,133,77,55,40
223,ad_id_1100,ad_set_118,191.96,2.13,60.83%,37.75%,22.96%,1.1,7810,11,12.77%,17.45,0.81,2.74,5240,2694,1435,1054,658
224,ad_id_1644,ad_set_047,417.69,0.85,60.38%,38.02%,22.96%,1.09,17190,9,4.82%,46.41,0.93,2.4,11265,5882,3094,2265,1331
225,ad_id_537,ad_set_100,148.26,0.77,59.74%,38.04%,22.73%,1.19,3466,3,7.25%,49.42,1.17,3.07,2471,1222,668,475,320
226,ad_id_1594,ad_set_061,451.73,1.72,58.29%,37.57%,21.90%,1.28,13087,19,11.36%,23.78,0.94,2.88,9745,4872,2565,1831,1124
227,ad_id_1067,ad_set_099,13.61,0.0,47.98%,26.62%,12.77%,1.08,298,0,0.00%,0.0,1.51,2.8,154,43,27,22,12
228,ad_id_1228,ad_set_063,9.58,0.0,61.66%,15.54%,9.58%,1.08,290,0,0.00%,0.0,1.2,2.56,193,41,21,12,6
229,ad_id_953,ad_set_098,23.99,1.62,55.01%,16.15%,8.88%,1.1,801,1,11.39%,23.99,1.09,2.51,483,88,51,39,26
230,ad_id_693,ad_set_092,27.09,0.0,38.21%,34.45%,13.16%,1.14,481,0,0.00%,0.0,1.94,2.56,209,144,102,76,60
231,ad_id_155,ad_set_055,25.09,0.0,40.73%,40.38%,16.44%,1.11,473,0,0.00%,0.0,1.48,3.25,213,142,99,88,72
232,ad_id_924,ad_set_073,0.54,0.0,50.00%,25.00%,12.50%,1.0,16,0,0.00%,0.0,0.0,0.0,8,3,1,1,0
233,ad_id_311,ad_set_050,13.96,2.79,59.52%,24.77%,14.75%,1.13,330,1,26.81%,13.96,1.16,3.22,222,60,37,23,16
234,ad_id_1461,ad_set_094,11.56,0.0,56.03%,26.15%,14.66%,1.12,208,0,0.00%,0.0,1.65,3.02,130,40,26,18,12
235,ad_id_393,ad_set_054,9.47,0.0,67.08%,21.96%,14.73%,1.15,277,0,0.00%,0.0,1.58,1.88,214,52,32,26,17
236,ad_id_1263,ad_set_064,2.49,0.0,56.76%,14.29%,8.11%,1.14,65,0,0.00%,0.0,0.83,4.05,42,7,3,2,0
237,ad_id_146,ad_set_055,5.05,0.0,59.73%,24.72%,14.77%,1.03,144,0,0.00%,0.0,1.26,2.68,89,26,14,8,1
238,ad_id_1692,ad_set_109,66.41,1.81,53.25%,21.38%,11.39%,1.19,1460,3,17.25%,22.14,1.25,3.05,926,220,131,98,62
239,ad_id_754,ad_set_063,1.06,0.0,74.00%,10.81%,8.00%,1.14,44,0,0.00%,0.0,1.06,2.0,37,5,4,4,4
240,ad_id_1119,ad_set_010,6.31,0.0,76.40%,21.14%,16.15%,1.08,149,0,0.00%,0.0,1.05,3.73,123,30,15,9,6
241,ad_id_1049,ad_set_073,11.05,0.0,64.50%,21.85%,14.09%,1.16,317,0,0.00%,0.0,0.92,3.25,238,57,32,27,24
242,ad_id_797,ad_set_036,17.15,0.0,65.70%,15.11%,9.93%,1.07,517,0,0.00%,0.0,1.32,2.35,364,60,33,27,13
243,ad_id_238,ad_set_049,1.05,0.0,68.75%,12.12%,8.33%,1.02,47,0,0.00%,0.0,0.53,4.17,33,5,1,0,0
244,ad_id_602,ad_set_021,29.41,0.0,26.74%,38.86%,10.39%,1.2,657,0,0.00%,0.0,1.55,2.41,211,150,100,85,67
245,ad_id_1397,ad_set_019,0.29,0.0,33.33%,33.33%,11.11%,1.0,9,0,0.00%,0.0,0.0,0.0,3,1,1,1,1
246,ad_id_1800,ad_set_092,5.08,7.67,32.09%,41.86%,13.43%,1.16,116,1,74.63%,5.08,1.69,2.24,43,30,22,18,16
247,ad_id_464,ad_set_003,0.04,0.0,0.00%,0.00%,0.00%,1.0,5,0,0.00%,0.0,0.0,0.0,0,0,0,0,0
248,ad_id_1560,ad_set_084,30.65,0.0,32.06%,24.50%,7.86%,1.19,1058,0,0.00%,0.0,0.79,3.1,404,247,145,105,91
249,ad_id_196,ad_set_111,0.15,0.0,50.00%,50.00%,25.00%,1.0,4,0,0.00%,0.0,0.0,0.0,2,2,2,1,0
250,ad_id_1674,ad_set_047,2.61,0.0,35.42%,23.53%,8.33%,1.02,47,0,0.00%,0.0,2.61,2.08,17,10,6,4,3
251,ad_id_1505,ad_set_098,0.11,0.0,55.56%,20.00%,11.11%,1.0,9,0,0.00%,0.0,0.06,22.22,5,3,1,1,1
252,ad_id_883,ad_set_099,24.52,0.0,38.44%,47.81%,18.38%,1.16,561,0,0.00%,0.0,0.88,4.29,251,196,151,126,92
253,ad_id_87,ad_set_027,2.8,0.0,42.47%,45.16%,19.18%,1.04,70,0,0.00%,0.0,0.93,4.11,31,25,16,14,12
254,ad_id_1699,ad_set_031,8.12,0.0,30.33%,36.49%,11.07%,1.13,215,0,0.00%,0.0,1.02,3.28,74,56,38,28,24
255,ad_id_1755,ad_set_017,0.33,0.0,58.33%,14.29%,8.33%,1.0,12,0,0.00%,0.0,0.33,8.33,7,2,2,2,1
256,ad_id_1304,ad_set_031,56.19,0.69,40.13%,32.98%,13.24%,1.3,1258,1,6.13%,56.19,1.06,3.25,655,234,123,79,65
257,ad_id_1509,ad_set_010,863.4,1.27,38.07%,39.78%,15.14%,1.88,14767,27,9.75%,31.98,1.19,2.62,10542,8183,5455,4365,2674
258,ad_id_1014,ad_set_068,46.91,0.0,33.74%,50.00%,16.87%,1.26,977,0,0.00%,0.0,1.47,2.6,416,251,175,139,98
259,ad_id_1622,ad_set_065,43.3,0.0,50.60%,14.79%,7.48%,1.17,1005,0,0.00%,0.0,2.89,1.28,595,104,62,39,31
260,ad_id_131,ad_set_098,736.01,1.48,37.55%,40.31%,15.14%,1.79,11397,24,11.79%,30.67,1.22,2.95,7641,3558,2005,1393,969
261,ad_id_1611,ad_set_018,256.98,1.73,57.68%,23.08%,13.31%,1.33,8046,11,10.25%,23.36,0.84,2.86,6192,1741,778,527,401
262,ad_id_206,ad_set_020,13.73,0.0,30.09%,47.37%,14.25%,1.15,383,0,0.00%,0.0,0.92,3.39,133,67,28,20,12
263,ad_id_1185,ad_set_036,0.33,0.0,50.00%,60.00%,30.00%,1.11,9,0,0.00%,0.0,0.33,10.0,5,3,2,1,1
264,ad_id_267,ad_set_054,13.05,0.0,30.42%,38.36%,11.67%,1.17,412,0,0.00%,0.0,0.59,4.58,146,64,39,28,20
265,ad_id_581,ad_set_086,3.46,0.0,32.86%,43.48%,14.29%,1.06,66,0,0.00%,0.0,3.46,1.43,23,11,8,4,2
266,ad_id_1175,ad_set_086,1.19,0.0,27.03%,40.00%,10.81%,1.23,30,0,0.00%,0.0,0.6,5.41,10,4,3,1,1
267,ad_id_1312,ad_set_071,6.5,0.0,28.24%,49.18%,13.89%,1.06,203,0,0.00%,0.0,3.25,0.93,61,30,15,9,6
268,ad_id_1016,ad_set_009,4.5,0.0,27.44%,26.67%,7.32%,1.06,154,0,0.00%,0.0,2.25,1.22,45,12,8,5,4
269,ad_id_251,ad_set_067,3.83,0.0,34.83%,45.16%,15.73%,1.06,84,0,0.00%,0.0,1.92,2.25,31,14,10,5,2
270,ad_id_1189,ad_set_031,6.53,0.0,36.80%,43.48%,16.00%,1.09,115,0,0.00%,0.0,6.53,0.8,46,20,16,12,10
271,ad_id_113,ad_set_081,1.23,0.0,40.54%,33.33%,13.51%,1.03,36,0,0.00%,0.0,0.62,5.41,15,7,3,3,2
272,ad_id_1018,ad_set_090,6.6,0.0,28.92%,45.83%,13.25%,1.11,149,0,0.00%,0.0,1.65,2.41,48,24,15,11,7
273,ad_id_749,ad_set_104,2.61,0.0,37.93%,40.91%,15.52%,1.05,55,0,0.00%,0.0,1.31,3.45,22,9,7,4,4
274,ad_id_151,ad_set_033,16.85,0.0,28.87%,31.79%,9.18%,1.18,444,0,0.00%,0.0,1.05,3.06,151,55,23,18,13
275,ad_id_635,ad_set_019,914.66,1.95,43.27%,41.84%,18.11%,1.09,31077,45,13.28%,20.33,0.82,3.29,14659,7531,4793,3626,2460
276,ad_id_1271,ad_set_012,136.27,0.88,38.11%,47.21%,17.99%,1.49,3023,3,6.64%,45.42,0.97,3.12,1722,1086,735,486,257
277,ad_id_942,ad_set_086,211.2,1.61,39.28%,39.22%,15.40%,1.39,4251,8,13.53%,26.4,1.2,2.98,2323,1124,688,485,272
278,ad_id_1783,ad_set_010,720.46,2.0,42.17%,33.84%,14.27%,1.57,14392,37,16.35%,19.47,0.95,3.34,9543,3563,1952,1135,731
279,ad_id_1077,ad_set_001,630.28,1.3,61.33%,26.11%,16.01%,1.93,8556,20,12.09%,31.51,1.26,3.02,10149,2899,1693,1158,768
280,ad_id_1345,ad_set_059,526.1,2.84,32.99%,49.09%,16.19%,1.39,8242,34,29.73%,15.47,1.06,4.34,3773,2166,1412,1014,614
281,ad_id_1756,ad_set_001,1231.76,1.42,32.31%,44.95%,14.52%,1.6,22941,31,8.46%,39.73,0.95,3.55,11843,6323,4085,2904,1763
282,ad_id_872,ad_set_021,42.14,4.27,35.85%,38.38%,13.76%,1.18,1076,4,31.45%,10.54,1.0,3.3,456,222,112,96,60
283,ad_id_1731,ad_set_102,1614.49,1.24,49.27%,39.26%,19.35%,1.24,42110,49,9.39%,32.95,0.99,3.13,25710,13143,7670,6345,4259
284,ad_id_89,ad_set_067,9.03,0.0,29.84%,35.96%,10.73%,1.08,354,0,0.00%,0.0,0.75,3.14,114,55,35,29,18
285,ad_id_983,ad_set_023,10.65,0.0,36.22%,23.94%,8.67%,1.12,350,0,0.00%,0.0,2.13,1.28,142,54,26,22,14
286,ad_id_417,ad_set_066,4195.43,1.9,31.88%,41.46%,13.22%,1.69,101715,197,11.45%,21.3,0.83,2.95,54839,27578,17243,13318,8969
287,ad_id_1207,ad_set_104,2362.76,2.49,35.39%,48.20%,17.06%,1.72,48287,141,17.01%,16.76,0.69,4.16,29346,16656,10951,8069,5026
288,ad_id_6,ad_set_097,0.69,0.0,37.93%,36.36%,13.79%,1.07,27,0,0.00%,0.0,0.69,3.45,11,4,2,1,0
289,ad_id_557,ad_set_069,0.29,0.0,46.15%,33.33%,15.38%,1.0,13,0,0.00%,0.0,0.29,7.69,6,2,1,0,0
290,ad_id_708,ad_set_034,5.23,0.0,39.16%,41.07%,16.08%,1.03,139,0,0.00%,0.0,0.75,4.9,56,26,17,12,9
291,ad_id_663,ad_set_031,1.19,0.0,46.15%,25.00%,11.54%,1.04,25,0,0.00%,0.0,0.0,0.0,12,3,3,2,1
292,ad_id_724,ad_set_072,0.0,0.0,0.00%,0.00%,0.00%,1.0,1,0,0.00%,0.0,0.0,0.0,0,0,0,0,0
293,ad_id_986,ad_set_047,5.57,7.0,43.98%,23.29%,10.24%,1.05,158,1,60.24%,5.57,1.11,3.01,73,19,10,7,5
294,ad_id_130,ad_set_077,1.88,0.0,40.00%,41.67%,16.67%,1.03,58,0,0.00%,0.0,0.0,0.0,24,10,8,7,4
295,ad_id_976,ad_set_020,0.63,0.0,23.53%,25.00%,5.88%,1.0,17,0,0.00%,0.0,0.63,5.88,4,1,0,0,0
296,ad_id_188,ad_set_098,3.89,0.0,67.69%,45.45%,30.77%,1.0,65,0,0.00%,0.0,1.95,3.08,44,25,16,9,5
297,ad_id_1475,ad_set_094,2.82,0.0,39.58%,21.05%,8.33%,1.02,94,0,0.00%,0.0,2.82,1.04,38,9,5,1,1
298,ad_id_1088,ad_set_100,0.18,0.0,12.50%,0.00%,0.00%,1.0,8,0,0.00%,0.0,0.0,0.0,1,0,0,0,0
299,ad_id_159,ad_set_038,0.16,0.0,16.67%,0.00%,0.00%,1.0,6,0,0.00%,0.0,0.16,16.67,1,0,0,0,0
300,ad_id_503,ad_set_007,57.55,1.35,35.72%,34.97%,12.49%,1.12,2151,2,8.33%,28.78,0.9,2.66,858,409,225,190,139
301,ad_id_265,ad_set_007,7144.99,1.9,50.15%,37.74%,18.92%,1.7,151019,327,12.74%,21.85,0.93,3.0,128768,63441,37606,31846,21792
302,ad_id_4,ad_set_113,78.93,4.51,35.93%,32.93%,11.83%,1.16,2944,8,23.37%,9.87,0.97,2.37,1230,538,314,263,174
303,ad_id_734,ad_set_073,50.83,0.77,34.48%,31.40%,10.83%,1.14,2061,1,4.26%,50.83,0.98,2.22,809,346,196,164,110
304,ad_id_73,ad_set_031,24680.51,2.18,32.44%,47.29%,15.34%,3.09,218577,1219,18.06%,20.25,0.85,4.28,218901,123308,79890,58022,36554
305,ad_id_1647,ad_set_018,141.24,1.69,30.72%,41.85%,12.86%,1.17,3216,6,15.97%,23.54,1.18,3.19,1154,580,387,271,167
306,ad_id_1158,ad_set_047,60.27,0.65,31.57%,43.89%,13.86%,1.11,1256,1,7.14%,60.27,1.12,3.86,442,229,148,118,65
307,ad_id_893,ad_set_114,39.67,0.86,53.92%,36.88%,19.89%,1.09,962,1,9.56%,39.67,0.92,4.11,564,264,150,126,73
308,ad_id_925,ad_set_003,40.14,0.97,45.83%,33.71%,15.45%,1.1,884,1,10.30%,40.14,1.49,2.78,445,198,109,90,60
309,ad_id_1690,ad_set_019,91.18,1.19,50.75%,38.92%,19.75%,1.15,2503,3,10.41%,30.39,0.95,3.33,1462,757,421,341,221
310,ad_id_1024,ad_set_005,70.7,0.55,37.24%,31.14%,11.60%,1.07,1374,1,6.82%,70.7,1.57,3.07,546,233,146,110,85
311,ad_id_93,ad_set_052,10.66,0.0,51.98%,35.24%,18.32%,1.09,186,0,0.00%,0.0,2.13,2.48,105,56,25,21,18
312,ad_id_1083,ad_set_009,7.87,0.0,48.35%,44.44%,21.49%,1.06,229,0,0.00%,0.0,1.57,2.07,117,69,36,31,20
313,ad_id_1527,ad_set_017,0.54,0.0,52.94%,22.22%,11.76%,1.0,17,0,0.00%,0.0,0.0,0.0,9,4,1,1,1
314,ad_id_1571,ad_set_019,12.32,0.0,49.73%,39.46%,19.62%,1.06,350,0,0.00%,0.0,0.59,5.65,185,100,55,52,37
315,ad_id_336,ad_set_068,14.03,2.53,47.96%,41.09%,19.70%,1.1,244,1,37.17%,14.03,2.34,2.23,129,76,44,36,25
316,ad_id_177,ad_set_070,5.93,0.0,47.93%,34.57%,16.57%,1.06,160,0,0.00%,0.0,1.48,2.37,81,41,21,18,10
317,ad_id_670,ad_set_006,0.27,0.0,40.00%,25.00%,10.00%,1.0,10,0,0.00%,0.0,0.0,0.0,4,2,0,0,0
318,ad_id_295,ad_set_087,11.81,0.0,54.22%,44.44%,24.10%,1.1,301,0,0.00%,0.0,1.07,3.31,180,107,60,46,34
319,ad_id_964,ad_set_043,17.2,4.42,49.07%,37.30%,18.30%,1.18,319,2,53.05%,8.6,1.08,4.24,185,103,48,42,28
320,ad_id_500,ad_set_031,34.79,0.0,52.59%,39.63%,20.84%,1.1,840,0,0.00%,0.0,1.16,3.24,487,264,139,120,84
321,ad_id_1623,ad_set_049,6.47,0.0,55.22%,35.14%,19.40%,1.02,131,0,0.00%,0.0,2.16,2.24,74,36,21,18,9
322,ad_id_86,ad_set_063,13.56,0.0,47.59%,45.57%,21.69%,1.08,308,0,0.00%,0.0,1.13,3.61,158,91,50,41,32
323,ad_id_1403,ad_set_041,10.38,3.98,46.74%,38.97%,18.21%,1.05,278,1,34.36%,10.38,0.58,6.19,136,74,40,36,19
324,ad_id_763,ad_set_064,12.8,0.0,45.44%,35.98%,16.35%,1.08,438,0,0.00%,0.0,0.98,2.76,214,107,53,46,35
325,ad_id_1229,ad_set_053,0.13,0.0,37.50%,33.33%,12.50%,1.0,8,0,0.00%,0.0,0.0,0.0,3,2,0,0,0
326,ad_id_966,ad_set_017,1.35,0.0,44.44%,35.71%,15.87%,1.02,62,0,0.00%,0.0,1.35,1.59,28,13,9,6,3
327,ad_id_967,ad_set_086,19.94,0.0,46.26%,38.57%,17.84%,1.04,435,0,0.00%,0.0,1.66,2.64,210,105,63,49,32
328,ad_id_48,ad_set_118,5.75,0.0,46.26%,29.29%,13.55%,1.03,208,0,0.00%,0.0,0.72,3.74,99,38,23,20,14
329,ad_id_556,ad_set_019,59.18,1.89,50.17%,38.02%,19.07%,1.13,1586,3,16.78%,19.73,0.81,4.08,897,445,254,211,147
330,ad_id_926,ad_set_010,6.16,5.52,44.29%,30.11%,13.33%,1.07,197,1,47.62%,6.16,0.56,5.24,93,46,19,16,12
331,ad_id_1042,ad_set_086,2.08,0.0,50.70%,52.78%,26.76%,1.01,70,0,0.00%,0.0,0.69,4.23,36,22,15,13,10
332,ad_id_1411,ad_set_044,25.66,1.38,47.25%,39.81%,18.81%,1.12,584,1,15.29%,25.66,1.35,2.91,309,159,90,75,54
333,ad_id_21,ad_set_027,0.82,0.0,47.83%,36.36%,17.39%,1.0,23,0,0.00%,0.0,0.82,4.35,11,6,4,4,3
334,ad_id_507,ad_set_052,4.61,0.0,45.60%,31.58%,14.40%,1.02,122,0,0.00%,0.0,1.54,2.4,57,25,12,9,8
335,ad_id_1538,ad_set_016,5.83,0.0,54.07%,38.36%,20.74%,1.06,127,0,0.00%,0.0,0.97,4.44,73,35,23,16,12
336,ad_id_1720,ad_set_070,47.22,1.55,46.95%,40.77%,19.14%,1.15,1053,2,16.50%,23.61,1.43,2.72,569,296,174,143,85
337,ad_id_615,ad_set_067,5.46,0.0,38.53%,45.24%,17.43%,1.05,104,0,0.00%,0.0,0.78,6.42,42,31,16,11,8
338,ad_id_1705,ad_set_027,1.85,0.0,38.03%,48.15%,18.31%,1.01,70,0,0.00%,0.0,0.93,2.82,27,16,10,8,7
339,ad_id_1150,ad_set_029,19.06,1.86,46.54%,42.38%,19.72%,1.08,535,1,17.30%,19.06,1.0,3.29,269,144,79,65,36
340,ad_id_524,ad_set_110,5.67,0.0,48.18%,40.91%,19.71%,1.05,131,0,0.00%,0.0,1.89,2.19,66,37,20,12,4
341,ad_id_833,ad_set_074,5.61,0.0,41.27%,28.21%,11.64%,1.07,176,0,0.00%,0.0,1.12,2.65,78,31,15,14,6
342,ad_id_1500,ad_set_055,85.54,2.12,50.28%,39.41%,19.82%,1.14,2374,4,14.73%,21.39,0.67,4.68,1365,704,406,356,232
343,ad_id_78,ad_set_047,7.34,8.72,42.60%,44.21%,18.83%,1.1,203,1,44.84%,7.34,0.82,4.04,95,52,33,24,17
344,ad_id_1447,ad_set_027,17.85,0.0,48.18%,27.03%,13.02%,1.09,352,0,0.00%,0.0,1.12,4.17,185,74,39,24,19
345,ad_id_971,ad_set_071,18.02,0.0,51.91%,53.99%,28.03%,1.02,307,0,0.00%,0.0,2.0,2.87,163,95,59,37,28
346,ad_id_1082,ad_set_003,41.54,0.94,51.68%,33.85%,17.49%,1.13,1005,1,8.83%,41.54,1.01,3.62,585,259,140,98,58
347,ad_id_1488,ad_set_025,18615.08,2.41,35.24%,48.69%,17.16%,2.83,182605,1070,20.72%,17.4,0.75,4.79,182029,104114,67198,49502,30875
348,ad_id_1652,ad_set_002,2.62,0.0,43.75%,33.33%,14.58%,1.0,48,0,0.00%,0.0,2.62,2.08,21,9,6,4,4
349,ad_id_744,ad_set_017,6.37,0.0,47.92%,28.26%,13.54%,1.02,188,0,0.00%,0.0,2.12,1.56,92,29,16,10,6
350,ad_id_207,ad_set_018,16.52,0.0,43.94%,37.93%,16.67%,1.09,424,0,0.00%,0.0,0.97,3.68,203,84,59,38,27
351,ad_id_820,ad_set_086,1.78,0.0,57.69%,33.33%,19.23%,1.0,26,0,0.00%,0.0,0.89,7.69,15,7,4,4,3
352,ad_id_549,ad_set_016,11.81,0.0,47.08%,28.93%,13.62%,1.04,248,0,0.00%,0.0,1.97,2.33,121,44,27,20,15
353,ad_id_1667,ad_set_038,5.94,0.0,42.07%,34.43%,14.48%,1.1,132,0,0.00%,0.0,2.97,1.38,61,27,16,12,9
354,ad_id_1006,ad_set_044,1.58,0.0,47.62%,25.00%,11.90%,1.02,41,0,0.00%,0.0,0.0,0.0,20,6,4,2,2
355,ad_id_1626,ad_set_028,13.54,4.28,44.41%,25.19%,11.18%,1.07,283,1,32.89%,13.54,1.23,3.62,135,41,26,23,17
356,ad_id_704,ad_set_020,8.81,0.0,39.77%,35.71%,14.20%,1.04,170,0,0.00%,0.0,1.1,4.55,70,27,21,13,8
357,ad_id_1540,ad_set_017,0.67,0.0,27.27%,33.33%,9.09%,1.0,11,0,0.00%,0.0,0.0,0.0,3,1,0,0,0
358,ad_id_858,ad_set_059,2.66,0.0,48.28%,50.00%,24.14%,1.0,29,0,0.00%,0.0,0.0,0.0,14,7,5,5,2
359,ad_id_124,ad_set_070,0.02,0.0,0.00%,0.00%,0.00%,1.0,1,0,0.00%,0.0,0.0,0.0,0,0,0,0,0
360,ad_id_1655,ad_set_062,1.12,0.0,19.23%,20.00%,3.85%,1.04,25,0,0.00%,0.0,0.0,0.0,5,1,1,1,1
361,ad_id_366,ad_set_052,0.67,0.0,42.11%,12.50%,5.26%,1.06,18,0,0.00%,0.0,0.0,0.0,8,2,1,0,0
362,ad_id_404,ad_set_041,2.11,0.0,45.83%,36.36%,16.67%,1.0,24,0,0.00%,0.0,2.11,4.17,11,4,3,2,1
363,ad_id_314,ad_set_057,8.65,0.0,37.20%,42.62%,15.85%,1.08,152,0,0.00%,0.0,0.67,7.93,61,32,24,17,13
364,ad_id_1213,ad_set_038,0.69,0.0,29.41%,60.00%,17.65%,1.0,17,0,0.00%,0.0,0.0,0.0,5,3,3,2,1
365,ad_id_82,ad_set_102,19.81,0.0,34.21%,44.06%,15.07%,1.1,381,0,0.00%,0.0,1.24,3.83,143,72,49,36,19
366,ad_id_1649,ad_set_087,9.48,4.11,34.83%,40.00%,13.93%,1.12,180,1,49.75%,9.48,1.05,4.48,70,36,20,17,11
367,ad_id_1565,ad_set_014,5.85,0.0,39.74%,46.67%,18.54%,1.09,139,0,0.00%,0.0,1.46,2.65,60,33,17,12,6
368,ad_id_1069,ad_set_055,3.92,0.0,46.67%,32.14%,15.00%,1.02,59,0,0.00%,0.0,1.31,5.0,28,11,7,6,5
369,ad_id_1698,ad_set_049,1.37,0.0,34.78%,50.00%,17.39%,1.05,22,0,0.00%,0.0,0.0,0.0,8,4,4,3,2
370,ad_id_1630,ad_set_028,1.1,0.0,50.00%,50.00%,25.00%,1.0,32,0,0.00%,0.0,1.1,3.13,16,8,6,6,1
371,ad_id_370,ad_set_028,0.01,0.0,0.00%,0.00%,0.00%,1.0,1,0,0.00%,0.0,0.0,0.0,0,0,0,0,0
372,ad_id_330,ad_set_096,1.04,0.0,50.00%,40.00%,20.00%,1.0,30,0,0.00%,0.0,0.52,6.67,15,6,5,5,4
373,ad_id_762,ad_set_113,1.63,0.0,35.29%,50.00%,17.65%,1.0,34,0,0.00%,0.0,0.82,5.88,12,6,6,4,2
374,ad_id_1517,ad_set_038,0.01,0.0,0.00%,0.00%,0.00%,1.0,1,0,0.00%,0.0,0.0,0.0,0,0,0,0,0
375,ad_id_1503,ad_set_027,3.07,0.0,50.00%,33.33%,16.67%,1.05,80,0,0.00%,0.0,0.61,5.95,42,17,10,8,4
376,ad_id_1576,ad_set_068,1.58,0.0,51.28%,30.00%,15.38%,1.0,39,0,0.00%,0.0,0.79,5.13,20,8,6,4,4
377,ad_id_547,ad_set_002,3.31,0.0,37.61%,21.95%,8.26%,1.01,108,0,0.00%,0.0,3.31,0.92,41,11,7,5,2
378,ad_id_1642,ad_set_001,0.57,0.0,50.00%,20.00%,10.00%,1.0,10,0,0.00%,0.0,0.0,0.0,5,1,1,1,0
379,ad_id_1318,ad_set_087,1.12,0.0,52.94%,22.22%,11.76%,1.0,34,0,0.00%,0.0,0.56,5.88,18,5,3,1,1
380,ad_id_376,ad_set_028,0.43,0.0,45.45%,20.00%,9.09%,1.0,22,0,0.00%,0.0,0.0,0.0,10,3,2,1,1
381,ad_id_1149,ad_set_070,0.82,0.0,52.17%,50.00%,26.09%,1.0,23,0,0.00%,0.0,0.82,4.35,12,8,4,4,4
382,ad_id_533,ad_set_052,1.91,0.0,51.92%,40.74%,21.15%,1.0,52,0,0.00%,0.0,1.91,1.92,27,13,10,6,4
383,ad_id_592,ad_set_033,2.45,0.0,37.78%,26.47%,10.00%,1.03,87,0,0.00%,0.0,0.0,0.0,34,10,8,5,3
384,ad_id_980,ad_set_001,0.81,0.0,40.00%,40.00%,16.00%,1.04,24,0,0.00%,0.0,0.41,8.0,10,5,4,4,4
385,ad_id_1298,ad_set_071,7.59,0.0,46.30%,29.33%,13.58%,1.05,154,0,0.00%,0.0,1.52,3.09,75,26,14,12,6
386,ad_id_272,ad_set_103,0.72,0.0,43.48%,30.00%,13.04%,1.0,23,0,0.00%,0.0,0.0,0.0,10,5,1,1,0
387,ad_id_493,ad_set_083,0.18,0.0,22.22%,0.00%,0.00%,1.0,9,0,0.00%,0.0,0.0,0.0,2,0,0,0,0
388,ad_id_186,ad_set_072,0.72,0.0,37.50%,33.33%,12.50%,1.0,24,0,0.00%,0.0,0.72,4.17,9,4,1,0,0
389,ad_id_65,ad_set_092,0.02,0.0,40.00%,0.00%,0.00%,1.0,5,0,0.00%,0.0,0.0,0.0,2,0,0,0,0
390,ad_id_805,ad_set_064,3.82,0.0,48.48%,25.00%,12.12%,1.0,132,0,0.00%,0.0,0.96,3.03,64,24,11,8,6
391,ad_id_570,ad_set_004,1.14,0.0,42.65%,17.24%,7.35%,1.01,67,0,0.00%,0.0,0.0,0.0,29,6,4,1,1
392,ad_id_501,ad_set_001,0.15,0.0,46.15%,33.33%,15.38%,1.0,13,0,0.00%,0.0,0.0,0.0,6,2,1,1,1
393,ad_id_1591,ad_set_061,2.37,0.0,35.71%,55.00%,19.64%,1.04,54,0,0.00%,0.0,0.0,0.0,20,15,9,7,3
394,ad_id_1600,ad_set_001,11.05,0.0,42.72%,26.67%,11.39%,1.07,295,0,0.00%,0.0,0.92,3.8,135,48,25,20,12
395,ad_id_1102,ad_set_105,1.23,0.0,51.61%,56.25%,29.03%,1.03,30,0,0.00%,0.0,1.23,3.23,16,12,8,6,5
396,ad_id_439,ad_set_027,1.33,0.0,43.24%,50.00%,21.62%,1.09,34,0,0.00%,0.0,0.67,5.41,16,9,7,4,3
397,ad_id_340,ad_set_090,1.44,0.0,58.14%,32.00%,18.60%,1.02,42,0,0.00%,0.0,0.0,0.0,25,12,3,3,3
398,ad_id_1250,ad_set_063,0.59,0.0,45.45%,40.00%,18.18%,1.0,11,0,0.00%,0.0,0.3,18.18,5,2,2,2,2
399,ad_id_743,ad_set_022,2.62,0.0,43.08%,42.86%,18.46%,1.05,62,0,0.00%,0.0,1.31,3.08,28,15,11,6,4
400,ad_id_909,ad_set_016,0.98,0.0,41.38%,58.33%,24.14%,1.04,28,0,0.00%,0.0,0.0,0.0,12,7,6,3,2
401,ad_id_1002,ad_set_013,3.21,0.0,46.43%,7.69%,3.57%,1.06,53,0,0.00%,0.0,0.0,0.0,26,5,2,0,0
402,ad_id_911,ad_set_054,12.89,0.0,43.25%,31.19%,13.49%,1.05,241,0,0.00%,0.0,2.15,2.38,109,41,19,14,11
403,ad_id_866,ad_set_021,1.06,0.0,34.38%,9.09%,3.13%,1.0,32,0,0.00%,0.0,1.06,3.13,11,2,1,0,0
404,ad_id_342,ad_set_021,16.43,0.0,42.32%,23.53%,9.96%,1.02,471,0,0.00%,0.0,2.35,1.45,204,68,36,27,14
405,ad_id_1379,ad_set_076,1.95,0.0,39.22%,30.00%,11.76%,1.11,46,0,0.00%,0.0,0.65,5.88,20,6,3,2,2
406,ad_id_1442,ad_set_092,33.75,1.15,42.56%,28.23%,12.01%,1.08,811,1,11.44%,33.75,1.69,2.29,372,129,67,49,29
407,ad_id_28,ad_set_024,87.91,0.44,40.82%,29.40%,12.00%,1.12,1850,1,4.82%,87.91,1.42,2.99,847,314,175,132,94
408,ad_id_1454,ad_set_052,65.7,0.59,44.62%,43.34%,19.34%,1.18,1124,1,7.52%,65.7,2.74,1.81,593,294,160,108,71
409,ad_id_1287,ad_set_046,0.33,0.0,42.86%,33.33%,14.29%,1.08,13,0,0.00%,0.0,0.0,0.0,6,2,2,1,1
410,ad_id_1000,ad_set_029,0.75,0.0,42.42%,21.43%,9.09%,1.0,33,0,0.00%,0.0,0.0,0.0,14,4,3,3,1
411,ad_id_919,ad_set_073,19.56,0.0,37.40%,25.85%,9.67%,1.06,597,0,0.00%,0.0,1.78,1.74,236,79,43,31,21
412,ad_id_1470,ad_set_072,14.7,2.65,40.00%,28.74%,11.49%,1.08,402,1,22.99%,14.7,0.86,3.91,174,70,42,28,20
413,ad_id_1359,ad_set_007,114.01,2.97,42.48%,27.65%,11.75%,1.16,2695,8,25.53%,14.25,1.78,2.04,1331,460,274,212,138
414,ad_id_234,ad_set_080,47.51,2.46,42.15%,26.88%,11.33%,1.11,1197,3,22.66%,15.84,1.9,1.89,558,188,105,80,55
415,ad_id_110,ad_set_080,142.19,1.82,44.95%,29.89%,13.43%,1.2,3219,6,15.50%,23.7,1.25,2.94,1740,650,377,284,186
416,ad_id_1729,ad_set_047,36.92,1.06,43.15%,28.71%,12.39%,1.08,915,1,10.15%,36.92,1.27,2.94,425,157,89,67,49
417,ad_id_1610,ad_set_109,4.69,0.0,52.21%,16.95%,8.85%,1.02,111,0,0.00%,0.0,2.35,1.77,59,16,5,3,2
418,ad_id_706,ad_set_063,0.07,0.0,28.57%,50.00%,14.29%,1.17,6,0,0.00%,0.0,0.0,0.0,2,1,1,0,0
419,ad_id_1282,ad_set_099,0.82,0.0,71.43%,20.00%,14.29%,1.0,14,0,0.00%,0.0,0.0,0.0,10,3,1,1,1
420,ad_id_1201,ad_set_107,4.41,0.0,48.45%,31.91%,15.46%,1.03,94,0,0.00%,0.0,4.41,1.03,47,21,8,8,7
421,ad_id_1187,ad_set_111,7.38,0.0,59.38%,30.26%,17.97%,1.05,122,0,0.00%,0.0,7.38,0.78,76,26,8,6,6
422,ad_id_984,ad_set_049,0.19,0.0,37.50%,33.33%,12.50%,1.0,8,0,0.00%,0.0,0.0,0.0,3,1,0,0,0
423,ad_id_1414,ad_set_055,1.35,0.0,62.07%,27.78%,17.24%,1.0,29,0,0.00%,0.0,1.35,3.45,18,7,2,1,1
424,ad_id_952,ad_set_019,1.75,0.0,35.71%,20.00%,7.14%,1.0,28,0,0.00%,0.0,0.0,0.0,10,2,1,1,1
425,ad_id_1116,ad_set_068,21.24,0.0,36.10%,26.44%,9.54%,1.1,438,0,0.00%,0.0,0.97,4.56,174,69,34,21,18
426,ad_id_1370,ad_set_078,4.29,0.0,33.64%,27.78%,9.35%,1.04,103,0,0.00%,0.0,1.07,3.74,36,14,6,5,2
427,ad_id_1703,ad_set_103,1.13,0.0,30.30%,20.00%,6.06%,1.03,32,0,0.00%,0.0,0.0,0.0,10,2,0,0,0
428,ad_id_884,ad_set_033,0.49,0.0,52.38%,18.18%,9.52%,1.0,21,0,0.00%,0.0,0.0,0.0,11,2,1,1,1
429,ad_id_1160,ad_set_033,6.01,0.0,36.63%,35.14%,12.87%,1.02,99,0,0.00%,0.0,3.01,1.98,37,16,9,7,6
430,ad_id_837,ad_set_065,4.01,0.0,40.45%,25.00%,10.11%,1.02,87,0,0.00%,0.0,1.0,4.49,36,10,8,6,5
431,ad_id_125,ad_set_018,26.8,1.45,33.77%,25.00%,8.44%,1.12,337,1,26.39%,26.8,2.44,2.9,128,42,23,16,13
432,ad_id_583,ad_set_037,511.84,1.75,44.99%,43.27%,19.47%,1.09,13313,21,14.47%,24.37,1.03,3.44,6529,3421,2244,1750,1166
433,ad_id_1212,ad_set_024,711.82,1.56,48.89%,46.43%,22.70%,1.08,18993,27,13.18%,26.36,0.84,4.13,10012,5514,3687,2941,1994
434,ad_id_16,ad_set_018,1341.67,1.79,49.57%,45.45%,22.53%,1.12,36480,59,14.50%,22.74,0.89,3.71,20178,10903,7295,5696,3934
435,ad_id_1651,ad_set_062,1.86,0.0,74.19%,30.43%,22.58%,1.0,31,0,0.00%,0.0,0.62,9.68,23,10,7,5,4
436,ad_id_1305,ad_set_102,13.66,0.0,46.78%,28.75%,13.45%,1.04,328,0,0.00%,0.0,0.98,4.09,160,72,35,25,15
437,ad_id_1244,ad_set_029,0.44,0.0,58.33%,35.71%,20.83%,1.0,24,0,0.00%,0.0,0.22,8.33,14,6,5,4,4
438,ad_id_985,ad_set_081,4.52,0.0,51.02%,24.00%,12.24%,1.03,95,0,0.00%,0.0,1.51,3.06,50,17,9,5,3
439,ad_id_1351,ad_set_033,1.56,0.0,65.38%,17.65%,11.54%,1.0,26,0,0.00%,0.0,0.0,0.0,17,4,1,0,0
440,ad_id_1290,ad_set_081,3.9,0.0,66.20%,36.17%,23.94%,1.0,71,0,0.00%,0.0,0.0,0.0,47,21,6,4,4
441,ad_id_377,ad_set_048,3.62,0.0,57.95%,33.33%,19.32%,1.05,84,0,0.00%,0.0,0.91,4.55,51,20,12,7,4
442,ad_id_145,ad_set_083,0.49,0.0,62.50%,30.00%,18.75%,1.0,16,0,0.00%,0.0,0.0,0.0,10,3,1,1,1
443,ad_id_1354,ad_set_067,69.95,1.47,35.49%,27.95%,9.92%,1.2,1254,2,13.32%,34.98,1.89,2.46,533,208,110,79,58
444,ad_id_727,ad_set_058,1.54,0.0,34.21%,23.08%,7.89%,1.06,36,0,0.00%,0.0,1.54,2.63,13,3,1,0,0
445,ad_id_296,ad_set_031,4.97,0.0,38.00%,26.32%,10.00%,1.04,96,0,0.00%,0.0,2.49,2.0,38,17,8,7,6
446,ad_id_1528,ad_set_050,1.64,0.0,42.42%,14.29%,6.06%,1.0,33,0,0.00%,0.0,1.64,3.03,14,5,2,0,0
447,ad_id_19,ad_set_088,3.36,0.0,33.90%,15.00%,5.08%,1.05,56,0,0.00%,0.0,0.0,0.0,20,3,3,1,1
448,ad_id_1426,ad_set_092,0.34,0.0,30.00%,0.00%,0.00%,1.0,10,0,0.00%,0.0,0.0,0.0,3,0,0,0,0
449,ad_id_1710,ad_set_004,1.83,0.0,34.04%,37.50%,12.77%,1.02,46,0,0.00%,0.0,0.0,0.0,16,8,5,4,3
450,ad_id_1283,ad_set_090,4.99,0.0,49.45%,22.22%,10.99%,1.02,89,0,0.00%,0.0,1.66,3.3,45,10,8,6,4
451,ad_id_622,ad_set_098,4.37,0.0,58.33%,25.71%,15.00%,1.02,118,0,0.00%,0.0,2.19,1.67,70,24,9,7,4
452,ad_id_1563,ad_set_087,4.84,0.0,55.26%,50.79%,28.07%,1.03,111,0,0.00%,0.0,0.81,5.26,63,35,23,14,9
453,ad_id_1367,ad_set_100,17.57,0.0,42.68%,28.49%,12.16%,1.1,367,0,0.00%,0.0,1.95,2.23,172,61,37,28,21
454,ad_id_309,ad_set_007,18.77,0.0,48.92%,40.71%,19.91%,1.09,425,0,0.00%,0.0,1.1,3.68,226,116,59,45,26
455,ad_id_1792,ad_set_005,133.33,0.88,47.38%,41.71%,19.76%,1.07,5026,3,5.56%,44.44,0.91,2.72,2556,1314,841,643,447
456,ad_id_1477,ad_set_118,4650.16,1.98,48.63%,44.65%,21.71%,1.29,126475,223,13.65%,20.85,0.82,3.46,79420,42563,28291,22265,15010
457,ad_id_167,ad_set_010,67.94,0.57,45.84%,40.44%,18.53%,1.07,2527,1,3.70%,67.94,0.84,3.0,1239,646,395,308,201
458,ad_id_1015,ad_set_043,52.76,0.0,45.47%,40.36%,18.35%,1.03,1684,0,0.00%,0.0,1.08,2.83,788,389,249,191,130
459,ad_id_1448,ad_set_087,18615.01,2.09,46.17%,44.96%,20.76%,1.68,430061,954,13.19%,19.51,0.78,3.28,333920,180048,120477,93521,64046
460,ad_id_114,ad_set_086,25.13,0.0,39.91%,39.78%,15.88%,1.1,424,0,0.00%,0.0,3.14,1.72,186,91,56,32,23
461,ad_id_1247,ad_set_086,22.51,0.0,38.84%,26.75%,10.39%,1.08,546,0,0.00%,0.0,1.32,2.9,228,75,41,31,15
462,ad_id_332,ad_set_109,181.52,2.07,57.73%,34.65%,20.00%,1.06,6753,9,12.62%,20.17,0.88,2.89,4116,1823,1132,931,622
463,ad_id_541,ad_set_078,236.35,2.1,57.43%,34.69%,19.92%,1.1,7497,12,14.57%,19.7,1.14,2.51,4731,2115,1317,1092,720
464,ad_id_901,ad_set_036,86.0,0.91,57.88%,33.93%,19.64%,1.03,3163,2,6.12%,43.0,1.08,2.45,1892,826,497,407,262
465,ad_id_324,ad_set_049,133.97,1.47,41.00%,28.11%,11.52%,1.09,4785,5,9.62%,26.79,1.19,2.17,2131,792,481,400,273
466,ad_id_1645,ad_set_010,1.91,0.0,45.45%,52.00%,23.64%,1.02,54,0,0.00%,0.0,0.64,5.45,25,13,11,7,4
467,ad_id_827,ad_set_073,2.87,0.0,35.29%,27.78%,9.80%,1.04,98,0,0.00%,0.0,0.72,3.92,36,12,7,3,1
468,ad_id_1433,ad_set_094,0.81,0.0,55.56%,20.00%,11.11%,1.0,18,0,0.00%,0.0,0.81,5.56,10,3,2,1,1
469,ad_id_1717,ad_set_031,4.44,0.0,36.89%,7.89%,2.91%,1.02,101,0,0.00%,0.0,4.44,0.97,38,8,2,2,2
470,ad_id_184,ad_set_006,0.88,0.0,37.04%,10.00%,3.70%,1.08,25,0,0.00%,0.0,0.88,3.7,10,2,1,0,0
471,ad_id_913,ad_set_029,0.02,0.0,100.00%,0.00%,0.00%,1.0,1,0,0.00%,0.0,0.0,0.0,1,0,0,0,0
472,ad_id_671,ad_set_075,0.04,0.0,0.00%,0.00%,0.00%,1.0,1,0,0.00%,0.0,0.0,0.0,0,0,0,0,0
473,ad_id_1763,ad_set_056,2.86,0.0,30.00%,16.67%,5.00%,1.05,38,0,0.00%,0.0,0.0,0.0,12,2,0,0,0
474,ad_id_838,ad_set_102,0.16,0.0,0.00%,0.00%,0.00%,1.0,6,0,0.00%,0.0,0.0,0.0,0,0,0,0,0
475,ad_id_158,ad_set_021,3.52,0.0,30.39%,29.03%,8.82%,1.06,96,0,0.00%,0.0,3.52,0.98,31,9,5,4,2
476,ad_id_305,ad_set_105,97.29,2.04,43.39%,30.64%,13.29%,1.1,3802,5,12.00%,19.46,0.88,2.66,1808,755,422,340,218
477,ad_id_202,ad_set_086,4.06,0.0,29.19%,24.59%,7.18%,1.14,184,0,0.00%,0.0,1.35,1.44,61,22,14,12,10
478,ad_id_268,ad_set_072,5.84,0.0,43.21%,27.62%,11.93%,1.03,237,0,0.00%,0.0,0.83,2.88,105,38,23,16,10
479,ad_id_320,ad_set_073,2.78,0.0,44.78%,50.00%,22.39%,1.02,66,0,0.00%,0.0,1.39,2.99,30,16,14,5,2
480,ad_id_698,ad_set_046,4.93,0.0,27.08%,25.64%,6.94%,1.01,142,0,0.00%,0.0,2.47,1.39,39,11,7,3,2
481,ad_id_1587,ad_set_011,1.13,0.0,31.82%,14.29%,4.55%,1.0,22,0,0.00%,0.0,0.0,0.0,7,1,1,0,0
482,ad_id_261,ad_set_011,1.23,0.0,42.22%,47.37%,20.00%,1.0,45,0,0.00%,0.0,0.31,8.89,19,11,4,3,2
483,ad_id_1620,ad_set_014,1.31,0.0,45.83%,27.27%,12.50%,1.0,24,0,0.00%,0.0,1.31,4.17,11,4,3,2,1
484,ad_id_1214,ad_set_073,3.1,0.0,44.00%,27.27%,12.00%,1.01,74,0,0.00%,0.0,3.1,1.33,33,15,4,3,3
485,ad_id_444,ad_set_007,3.07,0.0,39.71%,33.33%,13.24%,1.01,67,0,0.00%,0.0,1.02,4.41,27,10,8,5,4
486,ad_id_138,ad_set_113,2.71,0.0,42.11%,31.25%,13.16%,1.04,73,0,0.00%,0.0,0.68,5.26,32,13,8,4,3
487,ad_id_737,ad_set_087,1.69,0.0,51.79%,20.69%,10.71%,1.02,55,0,0.00%,0.0,0.0,0.0,29,8,5,3,2
488,ad_id_874,ad_set_084,1.19,0.0,47.62%,10.00%,4.76%,1.0,21,0,0.00%,0.0,0.0,0.0,10,1,1,1,0
489,ad_id_205,ad_set_090,3.75,0.0,63.49%,27.50%,17.46%,1.07,59,0,0.00%,0.0,3.75,1.59,40,15,8,4,2
490,ad_id_162,ad_set_070,3.36,0.0,54.69%,28.57%,15.63%,1.07,60,0,0.00%,0.0,3.36,1.56,35,12,7,5,4
491,ad_id_702,ad_set_046,2.3,0.0,48.15%,30.77%,14.81%,1.0,27,0,0.00%,0.0,0.0,0.0,13,5,2,1,0
492,ad_id_496,ad_set_060,1.65,0.0,37.93%,18.18%,6.90%,1.02,57,0,0.00%,0.0,0.0,0.0,22,4,2,1,1
493,ad_id_434,ad_set_110,4.17,0.0,41.94%,28.21%,11.83%,1.03,90,0,0.00%,0.0,0.0,0.0,39,14,7,6,3
494,ad_id_171,ad_set_020,1.91,0.0,38.10%,18.75%,7.14%,1.02,41,0,0.00%,0.0,0.0,0.0,16,5,2,2,1
495,ad_id_475,ad_set_083,15.12,0.0,55.50%,20.72%,11.50%,1.04,386,0,0.00%,0.0,1.51,2.5,222,54,27,15,5
496,ad_id_33,ad_set_090,5.25,0.0,63.78%,14.81%,9.45%,1.01,126,0,0.00%,0.0,5.25,0.79,81,18,8,6,6
497,ad_id_733,ad_set_097,3.95,9.87,55.56%,32.00%,17.78%,1.02,88,1,111.11%,3.95,0.99,4.44,50,18,9,7,5
498,ad_id_1339,ad_set_046,5.4,0.0,52.21%,18.64%,9.73%,1.02,111,0,0.00%,0.0,1.8,2.65,59,15,9,8,5
499,ad_id_198,ad_set_064,17.72,0.0,44.95%,28.57%,12.84%,1.01,645,0,0.00%,0.0,1.48,1.83,294,111,59,45,31
500,ad_id_1210,ad_set_087,22.13,0.0,42.75%,30.29%,12.95%,1.02,627,0,0.00%,0.0,1.48,2.34,274,105,56,40,28
501,ad_id_385,ad_set_057,0.45,0.0,22.58%,14.29%,3.23%,1.11,28,0,0.00%,0.0,0.0,0.0,7,2,0,0,0
502,ad_id_1285,ad_set_023,0.46,0.0,41.67%,20.00%,8.33%,1.0,24,0,0.00%,0.0,0.0,0.0,10,3,0,0,0
503,ad_id_574,ad_set_042,50.09,0.0,32.50%,40.77%,13.25%,1.13,1840,0,0.00%,0.0,0.77,3.12,677,412,265,194,135
504,ad_id_14,ad_set_067,762.6,1.88,57.01%,36.77%,20.97%,1.14,25935,35,11.79%,21.79,0.84,3.04,16930,7906,4894,4043,2710
505,ad_id_489,ad_set_054,16.03,0.0,45.61%,27.64%,12.60%,1.0,603,0,0.00%,0.0,1.07,2.49,275,95,60,46,33
506,ad_id_555,ad_set_038,0.99,0.0,16.67%,16.67%,2.78%,1.09,33,0,0.00%,0.0,0.99,2.78,6,2,1,1,1
507,ad_id_1452,ad_set_049,89.04,1.39,42.66%,31.08%,13.26%,1.11,3672,3,7.38%,29.68,0.79,2.78,1734,681,387,289,187
508,ad_id_419,ad_set_013,50.12,0.78,42.41%,32.05%,13.59%,1.02,2287,1,4.29%,50.12,1.14,1.89,989,388,220,170,112
509,ad_id_1164,ad_set_080,1.59,0.0,35.63%,32.26%,11.49%,1.12,78,0,0.00%,0.0,0.53,3.45,31,12,10,8,7
510,ad_id_474,ad_set_012,80.06,1.53,44.15%,31.78%,14.03%,1.1,3566,3,7.63%,26.69,1.1,1.86,1737,687,404,313,206
511,ad_id_1753,ad_set_118,91.85,1.7,42.54%,33.33%,14.18%,1.1,3988,4,9.10%,22.96,0.87,2.39,1869,763,455,340,207
512,ad_id_1430,ad_set_055,55.15,0.0,45.67%,36.06%,16.47%,1.02,1987,0,0.00%,0.0,1.23,2.21,929,412,251,191,120
513,ad_id_1714,ad_set_056,0.24,0.0,30.00%,16.67%,5.00%,1.11,18,0,0.00%,0.0,0.0,0.0,6,2,1,1,0
514,ad_id_331,ad_set_098,74.79,1.56,44.38%,31.79%,14.11%,1.06,3067,3,9.22%,24.93,0.91,2.52,1444,565,343,263,168
515,ad_id_56,ad_set_034,157.11,1.81,44.71%,33.94%,15.18%,1.04,6450,6,8.92%,26.19,0.92,2.53,3008,1245,752,567,346
516,ad_id_1356,ad_set_071,15.84,6.5,45.84%,31.67%,14.52%,1.02,603,2,32.63%,7.92,0.99,2.61,281,119,70,54,39
517,ad_id_956,ad_set_069,1.29,0.0,47.37%,40.74%,19.30%,1.02,56,0,0.00%,0.0,0.65,3.51,27,12,8,4,2
518,ad_id_1384,ad_set_103,0.24,0.0,18.18%,0.00%,0.00%,1.22,9,0,0.00%,0.0,0.0,0.0,2,0,0,0,0
519,ad_id_1665,ad_set_080,7.8,0.0,40.12%,32.31%,12.96%,1.01,322,0,0.00%,0.0,1.3,1.85,130,54,32,20,10
520,ad_id_152,ad_set_090,12.93,0.0,48.20%,30.70%,14.80%,1.04,456,0,0.00%,0.0,1.08,2.54,228,81,49,37,24
521,ad_id_1419,ad_set_027,17.37,0.0,43.06%,36.29%,15.63%,1.07,540,0,0.00%,0.0,1.09,2.78,248,110,59,45,29
522,ad_id_1066,ad_set_035,37.14,2.1,41.31%,27.98%,11.56%,1.02,1436,2,13.68%,18.57,1.49,1.71,604,237,121,101,74
523,ad_id_1402,ad_set_103,32.8,2.48,41.06%,27.69%,11.37%,1.07,1244,2,14.96%,16.4,1.13,2.17,549,205,114,87,56
524,ad_id_520,ad_set_080,51.4,2.34,43.69%,29.80%,13.02%,1.06,2088,3,13.61%,17.13,0.92,2.54,963,359,217,166,101
525,ad_id_1259,ad_set_083,2.86,0.0,34.78%,54.17%,18.84%,1.06,65,0,0.00%,0.0,0.72,5.8,24,15,8,6,5
526,ad_id_1246,ad_set_112,5.54,0.0,45.53%,44.86%,20.43%,1.04,227,0,0.00%,0.0,0.5,4.68,107,59,42,34,26
527,ad_id_1254,ad_set_076,0.78,0.0,50.00%,33.33%,16.67%,1.0,18,0,0.00%,0.0,0.0,0.0,9,5,3,2,2
528,ad_id_1390,ad_set_029,23.7,0.0,46.17%,31.62%,14.60%,1.02,1114,0,0.00%,0.0,0.82,2.55,525,220,120,100,62
529,ad_id_1668,ad_set_017,72.66,1.07,35.13%,42.89%,15.07%,1.29,1819,2,8.54%,36.33,1.45,2.13,823,640,462,376,297
530,ad_id_263,ad_set_029,8.56,0.0,43.85%,33.33%,14.62%,1.03,292,0,0.00%,0.0,0.86,3.32,132,54,31,23,13
531,ad_id_276,ad_set_054,1.24,0.0,47.62%,30.00%,14.29%,1.02,41,0,0.00%,0.0,1.24,2.38,20,6,5,4,1
532,ad_id_1373,ad_set_073,1.08,0.0,34.78%,37.50%,13.04%,1.0,23,0,0.00%,0.0,0.0,0.0,8,4,1,1,0
533,ad_id_1530,ad_set_109,21.18,1.84,42.91%,39.89%,17.11%,1.05,781,1,12.22%,21.18,0.88,2.93,351,165,106,78,46
534,ad_id_190,ad_set_115,58.78,1.39,43.49%,28.46%,12.37%,1.09,2112,2,8.71%,29.39,0.93,2.75,998,371,208,146,82
535,ad_id_1200,ad_set_045,53.76,1.45,41.89%,28.76%,12.05%,1.04,2388,2,8.03%,26.88,0.85,2.53,1043,415,230,182,113
536,ad_id_750,ad_set_106,1.3,0.0,35.85%,47.37%,16.98%,1.02,52,0,0.00%,0.0,1.3,1.89,19,12,7,3,2
537,ad_id_1499,ad_set_082,61.21,1.91,43.40%,31.93%,13.86%,1.05,2348,3,12.16%,20.4,1.09,2.27,1071,413,256,193,119
538,ad_id_725,ad_set_049,1.08,0.0,57.89%,36.36%,21.05%,1.0,19,0,0.00%,0.0,0.0,0.0,11,4,2,1,1
539,ad_id_66,ad_set_034,6.67,5.84,42.42%,35.71%,15.15%,1.03,193,1,50.51%,6.67,1.33,2.53,84,34,24,14,8
540,ad_id_1569,ad_set_034,0.48,0.0,17.39%,50.00%,8.70%,1.21,19,0,0.00%,0.0,0.48,4.35,4,2,2,1,1
541,ad_id_1057,ad_set_038,23.66,0.0,43.68%,31.68%,13.84%,1.04,891,0,0.00%,0.0,0.99,2.59,404,148,99,75,44
542,ad_id_1399,ad_set_111,23.3,1.67,45.17%,30.79%,13.91%,1.05,831,1,11.49%,23.3,0.9,2.99,393,150,88,73,38
543,ad_id_1770,ad_set_087,0.22,0.0,21.43%,0.00%,0.00%,1.0,14,0,0.00%,0.0,0.0,0.0,3,1,0,0,0
544,ad_id_1094,ad_set_094,7.36,0.0,44.13%,40.51%,17.88%,1.02,175,0,0.00%,0.0,1.23,3.35,79,39,28,23,14
545,ad_id_1749,ad_set_055,0.96,0.0,56.52%,30.77%,17.39%,1.0,23,0,0.00%,0.0,0.0,0.0,13,5,2,1,1
546,ad_id_1224,ad_set_048,0.11,0.0,25.00%,0.00%,0.00%,1.0,8,0,0.00%,0.0,0.0,0.0,2,0,0,0,0
547,ad_id_333,ad_set_058,24.43,1.6,46.25%,37.43%,17.31%,1.02,807,1,12.11%,24.43,0.79,3.75,382,161,114,91,59
548,ad_id_1739,ad_set_016,5.79,0.0,50.30%,26.51%,13.33%,1.04,158,0,0.00%,0.0,2.9,1.21,83,26,15,10,8
549,ad_id_105,ad_set_037,1.52,0.0,48.57%,35.29%,17.14%,1.0,35,0,0.00%,0.0,1.52,2.86,17,9,6,5,4
550,ad_id_1606,ad_set_054,7.99,0.0,46.30%,37.60%,17.41%,1.02,264,0,0.00%,0.0,1.14,2.59,125,51,28,23,17
551,ad_id_302,ad_set_027,0.12,0.0,66.67%,0.00%,0.00%,1.0,3,0,0.00%,0.0,0.0,0.0,2,0,0,0,0
552,ad_id_1525,ad_set_073,1.53,0.0,50.00%,33.33%,16.67%,1.0,24,0,0.00%,0.0,0.0,0.0,12,5,4,3,3
553,ad_id_459,ad_set_051,0.01,0.0,50.00%,0.00%,0.00%,1.0,2,0,0.00%,0.0,0.0,0.0,1,0,0,0,0
554,ad_id_398,ad_set_094,0.61,0.0,41.38%,8.33%,3.45%,1.0,29,0,0.00%,0.0,0.0,0.0,12,3,1,0,0
555,ad_id_1795,ad_set_020,0.27,0.0,34.78%,50.00%,17.39%,1.0,23,0,0.00%,0.0,0.0,0.0,8,5,3,3,3
556,ad_id_365,ad_set_037,4.39,0.0,46.08%,36.17%,16.67%,1.02,100,0,0.00%,0.0,4.39,0.98,47,22,13,10,6
557,ad_id_566,ad_set_106,1.21,0.0,51.52%,5.88%,3.03%,1.03,32,0,0.00%,0.0,1.21,3.03,17,4,1,1,0
558,ad_id_1747,ad_set_090,3.36,0.0,38.79%,31.11%,12.07%,1.04,112,0,0.00%,0.0,1.68,1.72,45,20,11,9,7
559,ad_id_544,ad_set_021,7.09,0.0,46.54%,30.69%,14.29%,1.03,210,0,0.00%,0.0,0.89,3.69,101,41,25,22,18
560,ad_id_395,ad_set_007,1.11,0.0,54.05%,25.00%,13.51%,1.0,37,0,0.00%,0.0,0.0,0.0,20,10,5,5,4
561,ad_id_1748,ad_set_119,0.64,0.0,41.18%,28.57%,11.76%,1.0,17,0,0.00%,0.0,0.0,0.0,7,2,2,1,0
562,ad_id_1028,ad_set_035,2.36,0.0,41.43%,20.69%,8.57%,1.03,68,0,0.00%,0.0,1.18,2.86,29,18,11,7,6
563,ad_id_1129,ad_set_047,0.77,0.0,39.13%,22.22%,8.70%,1.0,23,0,0.00%,0.0,0.0,0.0,9,6,3,2,2
564,ad_id_1440,ad_set_016,3.49,0.0,29.17%,14.29%,4.17%,1.07,45,0,0.00%,0.0,0.0,0.0,14,13,5,2,2
565,ad_id_840,ad_set_071,3.34,0.0,33.82%,17.39%,5.88%,1.08,63,0,0.00%,0.0,1.67,2.94,23,16,6,4,4
566,ad_id_582,ad_set_034,0.83,0.0,26.67%,25.00%,6.67%,1.0,15,0,0.00%,0.0,0.0,0.0,4,1,1,1,0
567,ad_id_977,ad_set_023,8.35,0.0,43.80%,33.63%,14.73%,1.04,248,0,0.00%,0.0,1.67,1.94,113,46,31,23,15
568,ad_id_516,ad_set_018,43.38,0.9,41.45%,30.61%,12.69%,1.04,1411,1,6.78%,43.38,1.08,2.71,611,239,157,119,87
569,ad_id_482,ad_set_081,2.23,0.0,38.71%,41.67%,16.13%,1.0,31,0,0.00%,0.0,1.12,6.45,12,11,7,6,5
570,ad_id_1310,ad_set_064,7.59,0.0,38.65%,23.75%,9.18%,1.05,197,0,0.00%,0.0,0.95,3.86,80,55,28,20,16
571,ad_id_255,ad_set_019,0.37,0.0,46.15%,0.00%,0.00%,1.0,13,0,0.00%,0.0,0.0,0.0,6,4,2,0,0
572,ad_id_1280,ad_set_037,1.14,0.0,48.08%,20.00%,9.62%,1.0,52,0,0.00%,0.0,0.0,0.0,25,6,4,2,2
573,ad_id_1009,ad_set_086,0.01,0.0,0.00%,0.00%,0.00%,1.0,2,0,0.00%,0.0,0.0,0.0,0,0,0,0,0
574,ad_id_1490,ad_set_006,7.31,0.0,39.87%,27.93%,11.14%,1.02,441,0,0.00%,0.0,0.56,2.9,179,66,39,31,18
575,ad_id_139,ad_set_027,0.86,0.0,40.48%,17.65%,7.14%,1.0,42,0,0.00%,0.0,0.0,0.0,17,3,1,1,1
576,ad_id_85,ad_set_073,5.38,0.0,48.47%,46.84%,22.70%,1.03,159,0,0.00%,0.0,2.69,1.23,79,43,27,22,12
577,ad_id_63,ad_set_010,0.05,0.0,0.00%,0.00%,0.00%,1.0,5,0,0.00%,0.0,0.0,0.0,0,0,0,0,0
578,ad_id_310,ad_set_067,1.9,0.0,43.37%,38.89%,16.87%,1.0,83,0,0.00%,0.0,0.0,0.0,36,15,12,9,5
579,ad_id_355,ad_set_022,2.37,0.0,37.89%,25.00%,9.47%,1.02,93,0,0.00%,0.0,0.59,4.21,36,16,5,4,4
580,ad_id_618,ad_set_090,0.88,0.0,36.11%,46.15%,16.67%,1.0,36,0,0.00%,0.0,0.88,2.78,13,10,7,6,5
581,ad_id_236,ad_set_093,3.72,0.0,37.50%,45.10%,16.91%,1.03,132,0,0.00%,0.0,0.74,3.68,51,39,27,27,22
582,ad_id_600,ad_set_014,13.25,0.0,36.73%,44.58%,16.37%,1.11,406,0,0.00%,0.0,1.33,2.21,166,135,95,79,60
583,ad_id_626,ad_set_099,2.31,0.0,35.82%,37.50%,13.43%,1.0,67,0,0.00%,0.0,0.0,0.0,24,19,10,9,7
584,ad_id_572,ad_set_007,7.2,0.0,34.31%,47.87%,16.42%,1.09,252,0,0.00%,0.0,1.03,2.55,94,74,57,50,39
585,ad_id_799,ad_set_088,3.02,0.0,29.46%,57.58%,16.96%,1.04,108,0,0.00%,0.0,0.6,4.46,33,27,21,20,18
586,ad_id_1730,ad_set_019,0.0,0.0,0.00%,0.00%,0.00%,1.0,1,0,0.00%,0.0,0.0,0.0,0,0,0,0,0
587,ad_id_1264,ad_set_093,7.47,0.0,36.84%,45.71%,16.84%,1.08,176,0,0.00%,0.0,1.87,2.11,70,55,41,33,29
588,ad_id_1718,ad_set_092,0.69,0.0,33.33%,100.00%,33.33%,1.0,12,0,0.00%,0.0,0.0,0.0,4,4,4,4,4
589,ad_id_1451,ad_set_105,3.01,0.0,38.57%,37.04%,14.29%,1.01,69,0,0.00%,0.0,1.0,4.29,27,17,14,13,9
590,ad_id_988,ad_set_034,0.71,0.0,48.00%,41.67%,20.00%,1.0,25,0,0.00%,0.0,0.71,4.0,12,5,4,4,4
591,ad_id_585,ad_set_073,0.02,0.0,50.00%,0.00%,0.00%,1.0,6,0,0.00%,0.0,0.0,0.0,3,0,0,0,0
592,ad_id_116,ad_set_076,4.44,0.0,50.84%,26.37%,13.41%,1.03,174,0,0.00%,0.0,1.48,1.68,91,35,22,19,13
593,ad_id_1041,ad_set_053,2.11,0.0,45.45%,26.00%,11.82%,1.01,109,0,0.00%,0.0,1.06,1.82,50,22,10,6,4
594,ad_id_1648,ad_set_002,3.61,0.0,45.99%,32.56%,14.97%,1.03,182,0,0.00%,0.0,1.81,1.07,86,38,22,19,13
595,ad_id_565,ad_set_067,0.45,0.0,25.00%,100.00%,25.00%,1.0,4,0,0.00%,0.0,0.0,0.0,1,1,1,1,1
596,ad_id_1506,ad_set_014,6.35,0.0,43.08%,33.94%,14.62%,1.02,248,0,0.00%,0.0,0.91,2.77,109,50,27,23,16
597,ad_id_629,ad_set_097,0.52,0.0,40.91%,33.33%,13.64%,1.0,22,0,0.00%,0.0,0.0,0.0,9,3,3,2,0
598,ad_id_1472,ad_set_076,1.76,0.0,33.73%,35.71%,12.05%,1.06,78,0,0.00%,0.0,0.59,3.61,28,13,8,7,6
599,ad_id_180,ad_set_114,3.51,0.0,38.03%,55.56%,21.13%,1.25,57,0,0.00%,0.0,1.76,2.82,27,19,13,13,10
600,ad_id_791,ad_set_086,65.29,1.79,42.36%,32.38%,13.71%,1.1,2530,3,10.74%,21.76,1.0,2.33,1183,487,286,247,161
601,ad_id_1654,ad_set_001,3.7,0.0,42.61%,22.67%,9.66%,1.01,174,0,0.00%,0.0,1.23,1.7,75,26,14,10,9
602,ad_id_1392,ad_set_067,30.21,2.58,45.24%,34.22%,15.48%,1.09,1141,2,16.13%,15.11,0.86,2.82,561,246,143,125,87
603,ad_id_1545,ad_set_080,1.36,0.0,46.38%,50.00%,23.19%,1.19,58,0,0.00%,0.0,0.27,7.25,32,17,13,12,10
604,ad_id_1595,ad_set_026,13.0,3.0,47.03%,32.88%,15.47%,1.08,436,1,21.19%,13.0,1.44,1.91,222,97,56,50,34
605,ad_id_428,ad_set_006,1.95,0.0,50.00%,33.33%,16.67%,1.04,81,0,0.00%,0.0,1.95,1.19,42,16,11,10,9
606,ad_id_1701,ad_set_052,5.91,0.0,42.49%,34.15%,14.51%,1.06,182,0,0.00%,0.0,0.66,4.66,82,34,21,15,11
607,ad_id_1230,ad_set_099,2.72,0.0,49.47%,42.55%,21.05%,1.02,93,0,0.00%,0.0,0.0,0.0,47,25,15,11,7
608,ad_id_1038,ad_set_103,2.71,0.0,49.37%,35.90%,17.72%,1.01,78,0,0.00%,0.0,0.68,5.06,39,19,14,13,7
609,ad_id_440,ad_set_077,64.23,1.82,44.12%,34.05%,15.02%,1.1,2503,3,10.89%,21.41,0.99,2.36,1216,531,316,259,177
610,ad_id_1737,ad_set_019,3.58,0.0,54.62%,23.08%,12.61%,1.09,109,0,0.00%,0.0,0.9,3.36,65,19,12,12,10
611,ad_id_720,ad_set_049,7.86,0.0,54.63%,36.61%,20.00%,1.11,184,0,0.00%,0.0,1.12,3.41,112,51,32,27,21
612,ad_id_1409,ad_set_006,51.6,0.76,57.59%,37.28%,21.47%,1.11,1221,1,7.40%,51.6,0.87,4.37,778,361,237,200,149
613,ad_id_410,ad_set_082,1.65,0.0,55.77%,13.79%,7.69%,1.06,49,0,0.00%,0.0,0.55,5.77,29,6,3,2,1
614,ad_id_1383,ad_set_103,2.51,0.0,68.42%,46.15%,31.58%,1.0,19,0,0.00%,0.0,0.0,0.0,13,6,5,3,3
615,ad_id_1013,ad_set_042,4.91,0.0,55.95%,46.81%,26.19%,1.01,83,0,0.00%,0.0,1.64,3.57,47,27,15,14,11
616,ad_id_319,ad_set_066,13.15,0.0,56.54%,49.66%,28.08%,1.13,231,0,0.00%,0.0,1.2,4.23,147,83,60,44,32
617,ad_id_584,ad_set_106,2.24,0.0,58.33%,47.62%,27.78%,1.03,35,0,0.00%,0.0,1.12,5.56,21,11,8,6,3
618,ad_id_596,ad_set_066,139.79,1.7,43.38%,32.86%,14.25%,1.17,4691,7,12.78%,19.97,0.88,2.88,2377,1006,605,487,327
619,ad_id_606,ad_set_029,41.83,0.93,40.68%,34.21%,13.92%,1.06,1855,1,5.08%,41.83,0.8,2.64,801,346,221,175,129
620,ad_id_1147,ad_set_006,1.59,0.0,28.33%,29.41%,8.33%,1.09,55,0,0.00%,0.0,1.59,1.67,17,7,3,3,2
621,ad_id_117,ad_set_069,92.7,2.52,44.21%,35.92%,15.88%,1.12,3821,6,13.99%,15.45,0.73,2.96,1896,854,536,444,311
622,ad_id_1329,ad_set_099,40.78,1.91,45.58%,35.48%,16.17%,1.09,1571,2,11.72%,20.39,0.87,2.75,778,333,208,157,90
623,ad_id_380,ad_set_086,20.13,1.94,42.74%,32.08%,13.71%,1.04,838,1,11.52%,20.13,0.96,2.42,371,144,78,61,36
624,ad_id_560,ad_set_082,71.26,2.19,44.99%,34.06%,15.32%,1.17,3309,4,10.35%,17.82,0.67,2.74,1738,729,430,316,183
625,ad_id_1434,ad_set_110,5.1,0.0,35.93%,26.67%,9.58%,1.14,147,0,0.00%,0.0,0.85,3.59,60,25,13,9,6
626,ad_id_914,ad_set_069,2.26,0.0,31.71%,15.38%,4.88%,1.03,40,0,0.00%,0.0,2.26,2.44,13,4,1,1,1
627,ad_id_15,ad_set_003,9.16,0.0,52.12%,23.26%,12.12%,1.03,321,0,0.00%,0.0,1.02,2.73,172,56,38,23,16
628,ad_id_1691,ad_set_063,8.72,0.0,42.62%,39.74%,16.94%,1.07,343,0,0.00%,0.0,0.97,2.46,156,72,48,34,22
629,ad_id_1291,ad_set_098,20.24,0.0,43.92%,38.11%,16.74%,1.05,667,0,0.00%,0.0,0.81,3.58,307,140,83,59,36
630,ad_id_1564,ad_set_038,11.97,0.0,45.74%,48.40%,22.14%,1.11,371,0,0.00%,0.0,0.67,4.38,188,102,69,50,36
631,ad_id_483,ad_set_086,3.31,0.0,48.28%,39.29%,18.97%,1.09,53,0,0.00%,0.0,1.1,5.17,28,11,8,6,3
632,ad_id_480,ad_set_020,3.48,11.2,44.52%,40.00%,17.81%,1.03,142,2,136.99%,1.74,1.16,2.05,65,28,20,13,7
633,ad_id_1125,ad_set_021,2.75,0.0,52.21%,27.12%,14.16%,1.05,108,0,0.00%,0.0,0.55,4.42,59,20,14,10,6
634,ad_id_415,ad_set_043,23.6,0.0,41.83%,33.50%,14.01%,1.04,453,0,0.00%,0.0,0.98,5.1,197,87,55,38,24
635,ad_id_353,ad_set_022,0.48,0.0,20.83%,20.00%,4.17%,1.0,24,0,0.00%,0.0,0.48,4.17,5,2,1,0,0
636,ad_id_382,ad_set_031,4.91,0.0,30.22%,42.86%,12.95%,1.09,127,0,0.00%,0.0,1.23,2.88,42,20,9,6,5
637,ad_id_1087,ad_set_007,3.6,0.0,29.87%,26.09%,7.79%,1.01,76,0,0.00%,0.0,3.6,1.3,23,7,6,4,3
638,ad_id_1347,ad_set_096,2.82,0.0,42.86%,44.44%,19.05%,1.03,61,0,0.00%,0.0,2.82,1.59,27,13,9,3,1
639,ad_id_752,ad_set_012,8.86,4.4,31.71%,25.64%,8.13%,1.13,217,1,40.65%,8.86,1.77,2.03,78,27,12,8,5
640,ad_id_829,ad_set_071,12.95,0.0,37.41%,39.42%,14.75%,1.07,259,0,0.00%,0.0,1.08,4.32,104,45,34,22,16
641,ad_id_50,ad_set_062,8.21,0.0,40.85%,44.83%,18.31%,1.06,134,0,0.00%,0.0,1.64,3.52,58,30,23,17,9
642,ad_id_1608,ad_set_018,3.74,0.0,64.00%,28.13%,18.00%,1.19,84,0,0.00%,0.0,1.87,2.0,64,62,31,24,17
643,ad_id_1696,ad_set_015,6.37,0.0,65.55%,16.67%,10.92%,1.06,112,0,0.00%,0.0,1.27,4.2,78,76,39,23,14
644,ad_id_1425,ad_set_106,0.4,0.0,45.45%,80.00%,36.36%,1.0,11,0,0.00%,0.0,0.0,0.0,5,5,4,4,4
645,ad_id_1501,ad_set_107,4.28,0.0,60.00%,23.33%,14.00%,1.06,94,0,0.00%,0.0,0.61,7.0,60,56,31,16,14
646,ad_id_1612,ad_set_028,3.68,0.0,56.57%,17.86%,10.10%,1.04,95,0,0.00%,0.0,3.68,1.01,56,50,17,13,10
647,ad_id_1012,ad_set_095,2.05,0.0,50.94%,44.44%,22.64%,1.0,53,0,0.00%,0.0,0.68,5.66,27,27,15,12,12
648,ad_id_965,ad_set_067,9.63,0.0,49.77%,25.23%,12.56%,1.03,209,0,0.00%,0.0,3.21,1.4,107,95,56,29,26
649,ad_id_495,ad_set_054,1.16,0.0,53.57%,46.67%,25.00%,1.08,26,0,0.00%,0.0,1.16,3.57,15,15,8,8,7
650,ad_id_604,ad_set_044,3.52,0.0,61.29%,28.95%,17.74%,1.0,62,0,0.00%,0.0,0.88,6.45,38,37,21,14,11
651,ad_id_91,ad_set_062,1.47,0.0,57.50%,26.09%,15.00%,1.0,40,0,0.00%,0.0,0.74,5.0,23,23,14,8,6
652,ad_id_1572,ad_set_056,3.12,0.0,52.38%,30.30%,15.87%,1.07,59,0,0.00%,0.0,1.56,3.17,33,33,19,14,10
653,ad_id_258,ad_set_109,2.35,0.0,58.97%,26.09%,15.38%,1.0,39,0,0.00%,0.0,0.78,7.69,23,22,11,8,6
654,ad_id_1085,ad_set_002,7.89,0.0,63.10%,25.42%,16.04%,1.07,175,0,0.00%,0.0,0.99,4.28,118,112,53,34,29
655,ad_id_1251,ad_set_045,0.26,0.0,87.50%,0.00%,0.00%,1.0,8,0,0.00%,0.0,0.0,0.0,7,7,3,0,0
656,ad_id_776,ad_set_105,1.1,0.0,58.33%,19.05%,11.11%,1.0,36,0,0.00%,0.0,0.0,0.0,21,21,6,4,4
657,ad_id_60,ad_set_113,1.04,0.0,56.52%,23.08%,13.04%,1.05,22,0,0.00%,0.0,0.52,8.7,13,10,5,3,3
658,ad_id_29,ad_set_109,0.32,0.0,63.64%,42.86%,27.27%,1.1,10,0,0.00%,0.0,0.16,18.18,7,7,4,3,3
659,ad_id_703,ad_set_023,1.19,0.0,40.00%,41.67%,16.67%,1.03,29,0,0.00%,0.0,1.19,3.33,12,13,8,5,5
660,ad_id_1180,ad_set_115,7.75,0.0,48.96%,17.80%,8.71%,1.07,225,0,0.00%,0.0,1.55,2.07,118,110,46,32,20
661,ad_id_1173,ad_set_061,0.64,0.0,57.89%,36.36%,21.05%,1.06,18,0,0.00%,0.0,0.0,0.0,11,10,5,5,4
662,ad_id_594,ad_set_090,4.3,0.0,43.33%,23.08%,10.00%,1.05,86,0,0.00%,0.0,2.15,2.22,39,14,7,5,5
663,ad_id_1045,ad_set_098,0.23,0.0,66.67%,33.33%,22.22%,1.0,9,0,0.00%,0.0,0.0,0.0,6,2,1,1,1
664,ad_id_274,ad_set_099,0.22,0.0,54.55%,16.67%,9.09%,1.0,11,0,0.00%,0.0,0.0,0.0,6,2,1,0,0
665,ad_id_638,ad_set_098,0.44,0.0,45.45%,20.00%,9.09%,1.0,11,0,0.00%,0.0,0.0,0.0,5,2,1,1,1
666,ad_id_1614,ad_set_038,3.99,0.0,24.29%,38.24%,9.29%,1.02,137,0,0.00%,0.0,0.8,3.57,34,15,6,5,1
667,ad_id_1634,ad_set_080,1.15,0.0,50.00%,25.00%,12.50%,1.0,24,0,0.00%,0.0,0.0,0.0,12,3,1,1,0
668,ad_id_761,ad_set_080,0.33,0.0,11.76%,50.00%,5.88%,1.0,17,0,0.00%,0.0,0.0,0.0,2,1,0,0,0
669,ad_id_818,ad_set_066,0.43,0.0,25.00%,33.33%,8.33%,1.0,12,0,0.00%,0.0,0.0,0.0,3,1,1,0,0
670,ad_id_1570,ad_set_077,3.13,0.0,36.60%,19.72%,7.22%,1.04,186,0,0.00%,0.0,0.78,2.06,71,25,12,8,4
671,ad_id_825,ad_set_107,0.03,0.0,0.00%,0.00%,0.00%,1.0,1,0,0.00%,0.0,0.0,0.0,0,0,0,0,0
672,ad_id_1371,ad_set_112,0.85,0.0,22.22%,37.50%,8.33%,1.03,35,0,0.00%,0.0,0.85,2.78,8,3,2,1,1
673,ad_id_1548,ad_set_003,0.06,0.0,16.67%,100.00%,16.67%,1.0,6,0,0.00%,0.0,0.0,0.0,1,1,1,1,0
674,ad_id_1249,ad_set_039,0.17,0.0,53.85%,0.00%,0.00%,1.0,13,0,0.00%,0.0,0.0,0.0,7,0,0,0,0
675,ad_id_579,ad_set_034,0.1,0.0,45.45%,40.00%,18.18%,1.0,11,0,0.00%,0.0,0.0,0.0,5,2,2,1,0
676,ad_id_981,ad_set_051,0.11,0.0,30.00%,33.33%,10.00%,1.0,10,0,0.00%,0.0,0.0,0.0,3,1,1,1,1
677,ad_id_508,ad_set_118,0.08,0.0,28.57%,100.00%,28.57%,1.0,7,0,0.00%,0.0,0.0,0.0,2,2,2,0,0
678,ad_id_161,ad_set_033,0.98,0.0,38.46%,20.00%,7.69%,1.0,39,0,0.00%,0.0,0.98,2.56,15,4,2,2,2
679,ad_id_1556,ad_set_080,2.71,0.0,40.96%,26.47%,10.84%,1.01,164,0,0.00%,0.0,0.45,3.61,68,23,14,12,6
680,ad_id_1693,ad_set_010,62.87,0.0,50.39%,36.50%,18.39%,1.18,1310,2,12.95%,31.44,1.21,3.37,778,318,184,120,57
681,ad_id_728,ad_set_096,60.47,0.0,48.48%,38.60%,18.71%,1.17,1404,1,6.08%,60.47,1.23,2.98,798,330,206,118,65
682,ad_id_1493,ad_set_069,49.4,2.37,48.35%,36.73%,17.76%,1.03,1799,3,16.24%,16.47,0.75,3.57,893,403,257,188,121
683,ad_id_424,ad_set_018,73.79,2.26,50.24%,36.17%,18.17%,1.0,2655,3,11.27%,24.6,0.79,3.53,1338,597,362,281,181
684,ad_id_350,ad_set_078,201.66,2.06,46.76%,36.26%,16.96%,1.02,8219,12,14.30%,16.81,0.71,3.37,3924,1724,1097,817,546
685,ad_id_1182,ad_set_096,15.16,0.0,48.86%,33.33%,16.29%,1.0,614,0,0.00%,0.0,1.01,2.44,300,127,80,60,44
686,ad_id_1775,ad_set_028,34.91,0.0,46.61%,35.99%,16.77%,1.04,1353,0,0.00%,0.0,1.03,2.43,653,279,181,140,88
687,ad_id_875,ad_set_072,12.38,0.0,36.61%,30.73%,11.25%,1.11,503,0,0.00%,0.0,0.77,2.86,205,75,48,36,23
688,ad_id_79,ad_set_070,14.07,2.77,47.86%,37.31%,17.86%,1.05,535,1,17.86%,14.07,0.94,2.68,268,116,74,52,40
689,ad_id_1369,ad_set_048,81.02,0.48,46.14%,39.34%,18.15%,1.24,2064,2,7.81%,40.51,1.27,2.5,1182,1092,720,565,360
690,ad_id_1738,ad_set_027,0.07,0.0,16.67%,66.67%,11.11%,1.0,18,0,0.00%,0.0,0.0,0.0,3,3,2,2,1
691,ad_id_1661,ad_set_001,0.1,0.0,42.86%,33.33%,14.29%,1.0,7,0,0.00%,0.0,0.0,0.0,3,1,0,0,0
692,ad_id_655,ad_set_011,0.29,0.0,34.62%,22.22%,7.69%,1.13,23,0,0.00%,0.0,0.29,3.85,9,3,2,2,1
693,ad_id_1199,ad_set_063,0.15,0.0,20.00%,33.33%,6.67%,1.0,15,0,0.00%,0.0,0.0,0.0,3,1,0,0,0
694,ad_id_1375,ad_set_005,6.77,0.0,40.83%,36.73%,15.00%,1.1,328,0,0.00%,0.0,0.4,4.72,147,60,44,36,25
695,ad_id_1104,ad_set_083,2.57,0.0,43.81%,32.61%,14.29%,1.12,94,0,0.00%,0.0,1.29,1.9,46,19,14,12,6
696,ad_id_328,ad_set_052,0.02,0.0,50.00%,0.00%,0.00%,1.0,2,0,0.00%,0.0,0.0,0.0,1,0,0,0,0
697,ad_id_1350,ad_set_088,2.2,0.0,42.42%,14.29%,6.06%,1.05,63,0,0.00%,0.0,2.2,1.52,28,5,2,1,0
698,ad_id_822,ad_set_010,0.02,0.0,0.00%,0.00%,0.00%,1.0,4,0,0.00%,0.0,0.0,0.0,0,0,0,0,0
699,ad_id_672,ad_set_066,2.45,0.0,34.18%,25.93%,8.86%,1.04,76,0,0.00%,0.0,1.23,2.53,27,7,4,2,2
700,ad_id_1349,ad_set_024,0.27,0.0,36.36%,50.00%,18.18%,1.1,10,0,0.00%,0.0,0.0,0.0,4,2,2,1,1
701,ad_id_755,ad_set_031,12.36,0.0,39.26%,29.35%,11.52%,1.07,478,3,58.59%,4.12,0.54,4.49,201,68,45,39,28
702,ad_id_1183,ad_set_082,0.26,0.0,12.50%,100.00%,12.50%,1.0,8,0,0.00%,0.0,0.0,0.0,1,1,0,0,0
703,ad_id_32,ad_set_078,0.4,0.0,12.50%,20.00%,2.50%,1.03,39,0,0.00%,0.0,0.0,0.0,5,1,1,0,0
704,ad_id_1418,ad_set_027,0.61,0.0,42.86%,33.33%,14.29%,1.11,19,0,0.00%,0.0,0.0,0.0,9,4,2,0,0
705,ad_id_1220,ad_set_004,0.82,0.0,35.29%,16.67%,5.88%,1.0,17,0,0.00%,0.0,0.82,5.88,6,1,0,0,0
706,ad_id_1685,ad_set_020,0.1,0.0,25.00%,50.00%,12.50%,1.0,8,0,0.00%,0.0,0.1,12.5,2,1,1,1,0
707,ad_id_235,ad_set_018,12.22,3.19,40.57%,31.00%,12.58%,1.12,440,1,20.28%,12.22,0.64,3.85,200,77,49,41,28
708,ad_id_248,ad_set_038,0.45,0.0,42.11%,50.00%,21.05%,1.06,18,2,1052.63%,0.23,0.0,0.0,8,4,2,1,1
709,ad_id_45,ad_set_005,0.06,0.0,33.33%,33.33%,11.11%,1.0,9,0,0.00%,0.0,0.06,11.11,3,1,1,1,0
710,ad_id_1555,ad_set_106,0.0,0.0,0.00%,0.00%,0.00%,1.0,1,0,0.00%,0.0,0.0,0.0,0,0,0,0,0
711,ad_id_1109,ad_set_092,0.21,0.0,9.09%,40.00%,3.64%,1.0,55,1,181.82%,0.21,0.07,5.45,5,2,2,2,1
712,ad_id_1361,ad_set_054,0.02,0.0,0.00%,0.00%,0.00%,1.0,1,0,0.00%,0.0,0.0,0.0,0,0,0,0,0
713,ad_id_832,ad_set_003,0.27,0.0,11.36%,20.00%,2.27%,1.0,44,0,0.00%,0.0,0.0,0.0,5,1,0,0,0
714,ad_id_42,ad_set_043,2.98,0.0,35.92%,21.62%,7.77%,1.04,99,0,0.00%,0.0,0.99,2.91,37,9,3,0,0
715,ad_id_156,ad_set_093,0.95,0.0,42.86%,16.67%,7.14%,1.08,13,0,0.00%,0.0,0.48,14.29,6,2,0,0,0
716,ad_id_912,ad_set_007,0.07,0.0,0.00%,0.00%,0.00%,1.0,3,0,0.00%,0.0,0.0,0.0,0,0,0,0,0
717,ad_id_478,ad_set_032,1.74,0.0,35.29%,12.50%,4.41%,1.08,63,0,0.00%,0.0,0.87,2.94,24,4,1,1,1
718,ad_id_7,ad_set_095,5.58,0.0,45.99%,22.09%,10.16%,1.06,176,0,0.00%,0.0,1.86,1.6,86,22,12,8,7
719,ad_id_232,ad_set_013,5.22,0.0,44.51%,38.27%,17.03%,1.05,174,0,0.00%,0.0,0.65,4.4,81,34,23,10,7
720,ad_id_653,ad_set_019,13.04,5.98,44.40%,29.57%,13.13%,1.04,250,2,77.22%,6.52,1.19,4.25,115,38,24,14,13
721,ad_id_631,ad_set_111,2.16,0.0,45.31%,20.69%,9.38%,1.0,64,0,0.00%,0.0,0.54,6.25,29,6,4,1,0
722,ad_id_1113,ad_set_006,23.15,0.0,41.52%,31.54%,13.10%,1.13,597,0,0.00%,0.0,0.93,3.72,279,103,62,39,29
723,ad_id_1715,ad_set_118,19.31,2.02,39.43%,29.19%,11.51%,1.04,509,3,56.60%,6.44,1.49,2.45,209,75,36,16,9
724,ad_id_57,ad_set_098,32.71,0.0,31.87%,26.02%,8.29%,1.1,560,1,16.26%,32.71,2.97,1.79,196,66,35,20,16
725,ad_id_1736,ad_set_109,18.89,2.06,36.24%,23.50%,8.51%,1.06,478,1,19.80%,18.89,2.36,1.58,183,52,31,14,8
726,ad_id_1526,ad_set_016,9.01,4.71,37.70%,32.61%,12.30%,1.05,233,3,122.95%,3.0,1.5,2.46,92,31,24,16,13
727,ad_id_552,ad_set_052,3.59,0.0,34.67%,38.46%,13.33%,1.03,73,0,0.00%,0.0,1.8,2.67,26,10,7,5,3
728,ad_id_1245,ad_set_003,5.32,0.0,30.57%,33.33%,10.19%,1.03,152,0,0.00%,0.0,1.33,2.55,48,19,10,8,7
729,ad_id_951,ad_set_013,21.56,0.0,32.10%,32.00%,10.27%,1.11,560,0,0.00%,0.0,1.27,2.73,200,76,46,28,17
730,ad_id_713,ad_set_054,16.37,4.97,37.60%,30.50%,11.47%,1.09,343,2,53.33%,8.19,1.17,3.73,141,49,32,25,16
731,ad_id_1441,ad_set_102,22.82,0.0,32.74%,28.03%,9.18%,1.13,645,0,0.00%,0.0,0.91,3.42,239,85,44,29,24
732,ad_id_1581,ad_set_008,43.31,2.78,30.79%,38.57%,11.88%,1.04,1273,3,22.69%,14.44,1.01,3.25,407,183,121,78,62
733,ad_id_1604,ad_set_059,472.34,1.68,29.72%,40.86%,12.14%,1.22,12359,30,19.90%,15.74,1.18,2.66,4481,2065,1249,856,561
734,ad_id_1111,ad_set_029,77.23,1.01,31.80%,43.74%,13.91%,1.08,2079,2,8.94%,38.62,1.1,3.13,711,342,218,155,100
735,ad_id_1337,ad_set_004,12.44,0.0,25.62%,44.09%,11.29%,1.04,350,0,0.00%,0.0,0.78,4.41,93,50,27,19,13
736,ad_id_414,ad_set_011,598.61,1.36,33.52%,44.90%,15.05%,1.27,13618,23,13.28%,26.03,1.16,2.98,5806,2879,1886,1221,811
737,ad_id_784,ad_set_115,49.81,2.42,32.66%,44.44%,14.52%,1.12,1376,4,25.92%,12.45,1.11,2.92,504,244,153,104,67
738,ad_id_26,ad_set_059,396.76,2.16,29.97%,40.97%,12.28%,1.26,10005,36,28.56%,11.02,1.09,2.9,3778,1746,1052,736,484
739,ad_id_147,ad_set_071,52.55,0.0,28.45%,37.72%,10.73%,1.03,1554,0,0.00%,0.0,1.42,2.31,456,189,121,91,57
740,ad_id_767,ad_set_029,46.07,0.0,30.82%,37.31%,11.50%,1.02,1436,0,0.00%,0.0,1.18,2.65,453,187,113,85,49
741,ad_id_47,ad_set_037,60.53,1.93,28.29%,38.89%,11.00%,1.03,1787,5,27.10%,12.11,1.06,3.09,522,233,136,95,59
742,ad_id_247,ad_set_003,143.53,1.93,29.42%,43.35%,12.75%,1.06,3975,9,21.34%,15.95,0.99,3.44,1241,603,389,275,175
743,ad_id_1653,ad_set_021,1216.98,1.73,34.77%,46.31%,16.10%,1.27,28154,62,17.37%,19.63,1.11,3.08,12413,6304,4077,2729,1795
744,ad_id_1707,ad_set_089,37.78,0.0,25.37%,39.67%,10.07%,1.02,1648,0,0.00%,0.0,0.69,3.28,426,194,117,83,55
745,ad_id_422,ad_set_054,259.31,1.93,30.49%,41.65%,12.70%,1.1,7065,16,20.53%,16.21,1.02,3.26,2377,1111,664,450,311
746,ad_id_179,ad_set_070,52.3,2.24,36.61%,45.77%,16.75%,1.02,1330,3,22.14%,17.43,0.89,4.35,496,244,136,106,68
747,ad_id_787,ad_set_046,1487.24,1.67,37.98%,46.04%,17.48%,1.44,24926,78,21.73%,19.07,1.05,3.94,13630,6956,4327,2821,1848
748,ad_id_997,ad_set_087,63.62,0.0,35.46%,40.03%,14.20%,1.08,1751,1,5.28%,63.62,0.94,3.59,672,312,167,114,78
749,ad_id_208,ad_set_037,74.73,0.0,37.55%,41.41%,15.55%,1.15,1371,0,0.00%,0.0,1.19,3.98,594,282,173,121,78
750,ad_id_1374,ad_set_045,16.48,2.37,34.70%,41.45%,14.38%,1.05,417,2,45.66%,8.24,1.03,3.65,152,75,44,36,17
751,ad_id_1635,ad_set_043,518.19,2.26,33.21%,42.08%,13.97%,1.33,11445,46,30.29%,11.27,0.99,3.45,5043,2368,1413,963,638
752,ad_id_174,ad_set_013,125.38,3.22,35.17%,42.97%,15.12%,1.1,2835,13,41.72%,9.64,1.02,3.95,1096,545,306,227,162
753,ad_id_842,ad_set_061,94.05,1.66,33.43%,41.92%,14.01%,1.17,2154,5,19.85%,18.81,0.96,3.89,842,415,242,158,109
754,ad_id_803,ad_set_054,577.88,2.28,32.47%,42.02%,13.64%,1.32,12613,49,29.50%,11.79,1.08,3.23,5393,2568,1510,999,650
755,ad_id_1170,ad_set_113,37.99,1.03,33.58%,41.32%,13.88%,1.04,1038,8,74.01%,4.75,0.97,3.61,363,170,107,73,50
756,ad_id_1130,ad_set_002,665.57,2.07,29.38%,31.06%,9.13%,1.11,35283,49,12.47%,13.58,0.93,1.82,11544,4157,2398,1570,903
757,ad_id_407,ad_set_007,72.48,1.17,30.78%,38.04%,11.71%,1.07,2192,3,12.77%,24.16,0.99,3.11,723,322,185,111,72
758,ad_id_1492,ad_set_078,140.36,0.83,37.33%,44.40%,16.58%,1.06,5331,4,7.05%,35.09,0.8,3.09,2117,1030,720,459,274
759,ad_id_812,ad_set_009,1028.36,1.84,31.24%,34.82%,10.88%,1.2,38588,54,11.69%,19.04,1.08,2.07,14434,5762,3420,2204,1408
760,ad_id_1301,ad_set_037,119.71,2.49,28.99%,39.37%,11.41%,1.09,4031,9,20.54%,13.3,1.02,2.67,1270,563,334,230,136
761,ad_id_1546,ad_set_044,149.91,1.56,32.82%,39.03%,12.81%,1.05,5787,8,13.21%,18.74,0.91,2.71,1988,878,547,348,221
762,ad_id_811,ad_set_017,400.43,2.02,29.21%,31.95%,9.33%,1.15,19758,22,9.67%,18.2,1.03,1.71,6647,2460,1399,946,571
763,ad_id_498,ad_set_072,183.01,1.06,28.43%,34.63%,9.85%,1.09,7369,7,8.71%,26.14,1.06,2.14,2284,906,531,348,217
764,ad_id_851,ad_set_098,922.81,2.3,31.62%,29.54%,9.34%,1.16,44209,55,10.74%,16.78,1.03,1.75,16198,5701,3128,2057,1263
765,ad_id_695,ad_set_003,96.78,1.87,26.94%,34.92%,9.41%,1.09,3359,8,21.88%,12.1,0.99,2.68,985,399,243,173,109
766,ad_id_1219,ad_set_063,73.8,2.5,28.66%,34.52%,9.89%,1.05,3434,4,11.06%,18.45,0.95,2.16,1037,422,238,160,98
767,ad_id_1549,ad_set_003,78.72,3.07,31.46%,33.04%,10.39%,1.0,3595,6,16.63%,13.12,1.19,1.83,1135,441,257,171,122
768,ad_id_204,ad_set_070,29.96,5.2,39.96%,31.78%,12.70%,1.04,1087,7,62.17%,4.28,0.88,3.02,450,180,109,92,69
769,ad_id_189,ad_set_111,68.76,2.27,39.22%,29.06%,11.40%,1.14,2225,5,19.79%,13.75,0.89,3.05,991,368,220,178,117
770,ad_id_664,ad_set_008,67.26,1.79,40.01%,33.18%,13.27%,1.11,1951,5,23.13%,13.45,0.95,3.28,865,342,214,168,119
771,ad_id_1615,ad_set_077,107.7,1.11,42.80%,31.96%,13.68%,1.11,2695,9,30.02%,11.97,0.88,4.07,1283,523,310,254,188
772,ad_id_1529,ad_set_111,1350.04,2.42,47.55%,35.45%,16.85%,1.19,46522,120,21.62%,11.25,0.69,3.5,26388,11381,7077,5424,3500
773,ad_id_39,ad_set_087,3.49,0.0,25.32%,27.12%,6.87%,1.29,180,0,0.00%,0.0,0.87,1.72,59,20,13,12,8
774,ad_id_1366,ad_set_070,5342.67,2.08,51.30%,38.14%,19.57%,1.34,157467,357,16.96%,14.97,0.74,3.44,108013,48981,31668,24018,15209
775,ad_id_804,ad_set_090,86.29,0.93,27.81%,33.10%,9.21%,1.18,3558,2,4.77%,43.15,0.83,2.48,1166,519,310,236,139
776,ad_id_714,ad_set_051,49.35,2.44,29.02%,32.77%,9.51%,1.09,1688,7,38.04%,7.05,0.82,3.26,534,241,144,107,66
777,ad_id_1292,ad_set_094,102.22,1.91,27.90%,22.60%,6.31%,1.3,3743,6,12.36%,17.04,0.63,3.32,1354,512,241,155,83
778,ad_id_371,ad_set_046,21.47,0.0,48.32%,35.97%,17.38%,1.08,1020,0,0.00%,0.0,0.63,3.09,531,228,145,112,72
779,ad_id_946,ad_set_118,12.84,0.0,40.57%,26.92%,10.92%,1.01,762,0,0.00%,0.0,1.07,1.56,312,111,59,42,27
780,ad_id_617,ad_set_010,0.05,0.0,20.00%,100.00%,20.00%,1.0,5,0,0.00%,0.0,0.0,0.0,1,1,1,1,1
781,ad_id_301,ad_set_081,3.39,12.19,43.97%,39.22%,17.24%,1.0,116,1,86.21%,3.39,1.13,2.59,51,21,12,11,7
782,ad_id_1195,ad_set_068,5891.86,1.97,34.39%,46.11%,15.86%,1.93,83482,379,23.48%,15.55,0.89,4.1,55507,28385,17978,11599,7294
783,ad_id_1405,ad_set_036,345.32,1.7,29.40%,37.94%,11.16%,1.11,11980,15,11.23%,23.02,0.83,3.1,3927,1692,980,667,449
784,ad_id_386,ad_set_034,312.92,3.16,31.38%,40.62%,12.75%,1.12,10376,24,20.71%,13.04,0.9,2.99,3636,1652,1008,677,431
785,ad_id_1053,ad_set_022,85.19,1.87,28.21%,37.66%,10.62%,1.11,2702,15,49.95%,5.68,1.04,2.73,847,369,214,131,78
786,ad_id_1712,ad_set_043,224.32,1.87,29.34%,37.02%,10.86%,1.07,8084,10,11.58%,22.43,0.96,2.7,2534,1070,609,410,268
787,ad_id_1523,ad_set_067,78.17,1.0,29.58%,43.35%,12.82%,1.07,2485,3,11.25%,26.06,1.0,2.92,789,386,242,158,112
788,ad_id_1401,ad_set_095,56.58,2.07,29.55%,39.09%,11.55%,1.04,1354,3,21.26%,18.86,1.26,3.19,417,189,116,80,51
789,ad_id_1138,ad_set_002,103.25,1.89,29.43%,39.61%,11.66%,1.1,2691,9,30.41%,11.47,1.15,3.04,871,407,228,166,109
790,ad_id_53,ad_set_072,68.14,1.14,32.27%,42.44%,13.69%,1.12,1706,2,10.49%,34.07,1.02,3.52,615,290,183,127,83
791,ad_id_1480,ad_set_099,611.11,1.56,36.02%,42.87%,15.44%,1.24,11450,30,21.10%,20.37,1.02,4.23,5122,2450,1421,989,673
792,ad_id_794,ad_set_106,995.09,2.15,33.50%,42.69%,14.30%,1.24,19630,65,26.68%,15.31,0.96,4.26,8162,3958,2302,1552,1036
793,ad_id_1582,ad_set_061,546.95,1.94,38.12%,48.32%,18.42%,1.21,12769,35,22.69%,15.63,0.88,4.03,5879,3125,2031,1307,837
794,ad_id_645,ad_set_050,600.88,2.22,30.95%,39.65%,12.27%,1.26,13925,47,26.70%,12.78,0.85,3.99,5448,2459,1357,951,677
795,ad_id_454,ad_set_109,15.51,0.0,20.47%,23.01%,4.71%,1.07,516,0,0.00%,0.0,1.19,2.36,113,41,20,12,6
796,ad_id_1268,ad_set_090,8.75,0.0,27.99%,14.67%,4.10%,1.06,252,0,0.00%,0.0,0.8,4.1,75,21,10,8,5
797,ad_id_550,ad_set_066,0.95,0.0,41.94%,15.38%,6.45%,1.03,30,0,0.00%,0.0,0.32,9.68,13,5,2,1,0
798,ad_id_1325,ad_set_036,26.31,0.0,27.20%,21.57%,5.87%,1.06,706,0,0.00%,0.0,1.2,2.93,204,67,38,25,12
799,ad_id_405,ad_set_003,2.0,0.0,27.47%,28.00%,7.69%,1.18,77,0,0.00%,0.0,2.0,1.1,25,9,5,3,3
800,ad_id_1681,ad_set_105,0.02,0.0,41.67%,20.00%,8.33%,1.09,11,0,0.00%,0.0,0.0,0.0,5,2,1,1,1
801,ad_id_149,ad_set_026,9.26,4.21,24.21%,24.83%,6.01%,1.0,1830,1,5.46%,9.26,0.51,0.98,443,134,79,58,36
802,ad_id_523,ad_set_019,0.11,0.0,61.54%,37.50%,23.08%,1.0,13,0,0.00%,0.0,0.11,7.69,8,3,1,1,1
803,ad_id_59,ad_set_104,27.29,0.0,28.56%,30.10%,8.60%,1.17,897,0,0.00%,0.0,0.85,3.06,299,130,72,54,35
804,ad_id_681,ad_set_047,19.88,2.13,23.48%,22.44%,5.27%,1.28,681,2,22.91%,9.94,0.9,2.52,205,76,35,17,8
805,ad_id_216,ad_set_074,51.97,2.25,30.52%,27.94%,8.53%,1.23,1635,11,54.86%,4.72,0.91,2.84,612,258,137,108,65
806,ad_id_458,ad_set_062,0.54,0.0,14.29%,66.67%,9.52%,1.0,21,0,0.00%,0.0,0.27,9.52,3,2,2,2,1
807,ad_id_201,ad_set_080,0.6,0.0,26.47%,11.11%,2.94%,1.06,32,0,0.00%,0.0,0.0,0.0,9,1,1,1,0
808,ad_id_126,ad_set_024,87.98,1.33,51.49%,33.24%,17.12%,1.18,2372,3,10.68%,29.33,1.0,3.13,1447,608,393,309,176
809,ad_id_915,ad_set_087,546.83,1.44,49.82%,31.10%,15.49%,1.18,16043,36,18.96%,15.19,0.97,2.97,9458,3879,2297,1806,1087
810,ad_id_624,ad_set_006,1077.23,1.79,51.61%,32.70%,16.88%,1.22,27397,64,19.11%,16.83,1.04,3.08,17280,7355,4458,3468,2093
811,ad_id_735,ad_set_063,0.0,0.0,0.00%,0.00%,0.00%,1.0,1,0,0.00%,0.0,0.0,0.0,0,0,0,0,0
812,ad_id_185,ad_set_053,10.4,0.0,54.07%,36.36%,19.66%,1.01,584,0,0.00%,0.0,0.95,1.86,319,149,82,64,39
813,ad_id_1732,ad_set_065,2.36,0.0,52.85%,43.08%,22.76%,1.02,121,0,0.00%,0.0,0.79,2.44,65,34,23,18,12
814,ad_id_1613,ad_set_043,143.65,1.26,43.63%,35.62%,15.54%,1.08,8239,7,7.85%,20.52,0.59,2.75,3891,1715,1056,814,528
815,ad_id_1743,ad_set_053,292.66,2.85,46.89%,33.97%,15.93%,1.09,13514,22,14.96%,13.3,0.67,2.95,6897,2880,1798,1346,852
816,ad_id_1782,ad_set_053,7.75,0.0,34.59%,26.09%,9.02%,1.04,255,0,0.00%,0.0,0.97,3.01,92,32,16,14,8
817,ad_id_1793,ad_set_079,20.23,0.0,39.33%,32.88%,12.93%,1.02,1454,0,0.00%,0.0,0.6,2.29,584,240,146,113,65
818,ad_id_828,ad_set_031,291.41,2.23,43.51%,35.41%,15.41%,1.06,14276,21,13.87%,13.88,0.75,2.58,6588,2808,1796,1371,848
819,ad_id_1121,ad_set_001,0.35,0.0,14.29%,50.00%,7.14%,1.0,28,0,0.00%,0.0,0.0,0.0,4,2,2,1,1
820,ad_id_569,ad_set_094,1.92,0.0,14.17%,29.41%,4.17%,1.0,120,0,0.00%,0.0,0.64,2.5,17,6,5,2,2
821,ad_id_1633,ad_set_054,0.58,0.0,30.30%,50.00%,15.15%,1.03,32,0,0.00%,0.0,0.0,0.0,10,6,4,3,2
822,ad_id_294,ad_set_051,1.64,0.0,29.58%,23.81%,7.04%,1.01,70,0,0.00%,0.0,1.64,1.41,21,6,3,3,2
823,ad_id_740,ad_set_023,0.76,0.0,25.00%,8.33%,2.08%,1.0,48,0,0.00%,0.0,0.76,2.08,12,1,1,1,1
824,ad_id_1628,ad_set_114,12.33,0.0,28.28%,28.87%,8.16%,1.03,664,0,0.00%,0.0,0.69,2.62,194,71,49,36,21
825,ad_id_1090,ad_set_061,0.51,0.0,25.71%,11.11%,2.86%,1.0,35,0,0.00%,0.0,0.51,2.86,9,4,0,0,0
826,ad_id_729,ad_set_106,4.82,0.0,32.87%,25.53%,8.39%,1.01,141,0,0.00%,0.0,0.96,3.5,47,13,12,11,7
827,ad_id_1641,ad_set_026,2.3,0.0,27.66%,30.77%,8.51%,1.03,91,0,0.00%,0.0,0.58,4.26,26,12,6,3,0
828,ad_id_998,ad_set_071,1.7,0.0,40.32%,44.00%,17.74%,1.03,60,0,0.00%,0.0,0.34,8.06,25,14,10,9,5
829,ad_id_488,ad_set_072,0.8,0.0,32.61%,33.33%,10.87%,1.0,46,0,0.00%,0.0,0.27,6.52,15,7,4,3,1
830,ad_id_148,ad_set_024,1.42,0.0,33.87%,19.05%,6.45%,1.02,61,0,0.00%,0.0,0.0,0.0,21,4,4,2,1
831,ad_id_608,ad_set_067,6.92,0.0,35.37%,28.74%,10.16%,1.02,241,0,0.00%,0.0,0.87,3.25,87,40,18,14,11
832,ad_id_67,ad_set_017,4.5,0.0,27.87%,25.49%,7.10%,1.07,171,0,0.00%,0.0,0.56,4.37,51,24,9,7,5
833,ad_id_649,ad_set_012,0.96,0.0,31.82%,35.71%,11.36%,1.0,44,0,0.00%,0.0,0.96,2.27,14,7,3,1,1
834,ad_id_224,ad_set_068,4.42,0.0,26.25%,14.29%,3.75%,1.04,154,0,0.00%,0.0,4.42,0.63,42,14,3,1,1
835,ad_id_1429,ad_set_062,0.04,0.0,33.33%,0.00%,0.00%,1.0,3,0,0.00%,0.0,0.0,0.0,1,1,0,0,0
836,ad_id_1740,ad_set_028,14.81,0.0,32.33%,28.49%,9.21%,1.06,500,0,0.00%,0.0,1.14,2.44,172,69,41,29,15
837,ad_id_1789,ad_set_109,101.55,1.54,29.80%,24.68%,7.35%,1.17,3589,5,11.86%,20.31,0.8,3.01,1256,469,245,191,117
838,ad_id_774,ad_set_016,6.96,0.0,27.54%,17.54%,4.83%,1.09,190,0,0.00%,0.0,1.74,1.93,57,19,8,8,4
839,ad_id_1629,ad_set_095,71.64,1.09,30.87%,23.38%,7.22%,1.11,2514,2,7.15%,35.82,0.85,3.0,864,290,171,131,75
840,ad_id_329,ad_set_043,0.8,0.0,17.86%,20.00%,3.57%,1.0,28,0,0.00%,0.0,0.0,0.0,5,2,0,0,0
841,ad_id_609,ad_set_071,12.48,0.0,27.07%,24.71%,6.69%,1.05,298,0,0.00%,0.0,1.78,2.23,85,37,18,15,10
842,ad_id_396,ad_set_080,4.22,0.0,32.52%,27.50%,8.94%,1.03,120,0,0.00%,0.0,1.06,3.25,40,12,8,4,2
843,ad_id_790,ad_set_073,32.56,0.0,31.30%,28.96%,9.06%,1.07,886,0,0.00%,0.0,1.05,3.27,297,97,65,49,33
844,ad_id_1064,ad_set_059,14.87,0.0,33.57%,19.72%,6.62%,1.05,404,0,0.00%,0.0,2.48,1.42,142,33,25,19,12
845,ad_id_108,ad_set_044,48.08,2.43,24.61%,32.52%,8.00%,1.21,1524,5,27.22%,9.62,1.27,2.07,452,160,117,81,52
846,ad_id_679,ad_set_044,1.56,41.01,31.51%,30.43%,9.59%,1.03,71,1,136.99%,1.56,0.52,4.11,23,7,6,6,2
847,ad_id_221,ad_set_056,39.45,0.0,39.77%,35.17%,13.99%,1.08,803,0,0.00%,0.0,1.58,2.89,344,135,101,77,49
848,ad_id_1376,ad_set_093,2.3,0.0,24.74%,33.33%,8.25%,1.05,92,0,0.00%,0.0,1.15,2.06,24,8,6,5,3
849,ad_id_1558,ad_set_092,34.68,0.0,30.49%,32.70%,9.97%,1.11,930,0,0.00%,0.0,1.33,2.52,315,113,72,55,42
850,ad_id_1166,ad_set_073,1.93,0.0,61.54%,25.00%,15.38%,1.0,13,0,0.00%,0.0,1.93,7.69,8,3,2,1,1
851,ad_id_561,ad_set_104,757.72,2.31,47.94%,35.30%,16.92%,1.1,38588,46,10.83%,16.47,0.53,3.37,20357,8776,5403,4101,2599
852,ad_id_1193,ad_set_001,22.14,1.76,42.65%,33.91%,14.46%,1.04,2085,5,22.96%,4.43,0.45,2.25,929,405,233,171,102
853,ad_id_1331,ad_set_026,1864.48,2.01,46.08%,35.11%,16.18%,1.25,76967,120,12.52%,15.54,0.6,3.26,44159,18929,11715,8959,5640
854,ad_id_1197,ad_set_004,340.7,3.13,42.58%,32.16%,13.69%,1.08,20449,27,12.22%,12.62,0.66,2.33,9405,3748,2268,1666,983
855,ad_id_456,ad_set_035,11.61,0.0,34.19%,30.53%,10.44%,1.0,1322,0,0.00%,0.0,0.43,2.04,452,183,106,76,46
856,ad_id_308,ad_set_082,391.1,2.73,43.80%,32.86%,14.39%,1.1,25697,33,11.68%,11.85,0.56,2.49,12369,4998,3066,2309,1353
857,ad_id_1198,ad_set_006,2.0,0.0,25.00%,12.50%,3.13%,1.07,30,0,0.00%,0.0,0.0,0.0,8,2,1,1,1
858,ad_id_1464,ad_set_068,5.07,0.0,36.52%,33.33%,12.17%,1.08,106,0,0.00%,0.0,5.07,0.87,42,16,11,8,8
859,ad_id_1031,ad_set_065,55.5,0.7,34.43%,32.23%,11.10%,1.22,1295,1,6.34%,55.5,1.21,2.92,543,202,143,117,80
860,ad_id_1468,ad_set_082,1.29,0.0,25.81%,25.00%,6.45%,1.11,28,0,0.00%,0.0,1.29,3.23,8,4,1,1,1
861,ad_id_1071,ad_set_027,2.28,0.0,34.09%,33.33%,11.36%,1.0,44,0,0.00%,0.0,0.0,0.0,15,5,3,3,3
862,ad_id_918,ad_set_025,26.41,0.0,34.02%,31.74%,10.80%,1.11,608,0,0.00%,0.0,2.4,1.63,230,84,49,36,26
863,ad_id_1058,ad_set_082,7.75,0.0,37.38%,33.77%,12.62%,1.1,188,0,0.00%,0.0,1.55,2.43,77,27,17,10,7
864,ad_id_379,ad_set_050,71.61,1.44,36.97%,34.28%,12.68%,1.24,1386,2,11.68%,35.81,1.43,2.92,633,245,166,118,70
865,ad_id_1169,ad_set_044,105.17,0.37,36.40%,36.14%,13.16%,1.16,2552,1,3.37%,105.17,1.52,2.33,1079,438,307,228,134
866,ad_id_144,ad_set_063,142.3,1.57,46.99%,37.83%,17.77%,1.01,5341,6,11.14%,23.72,1.01,2.62,2530,1144,721,574,344
867,ad_id_807,ad_set_072,253.64,1.56,46.15%,35.83%,16.54%,1.11,13895,12,7.79%,21.14,0.6,2.76,7112,3088,1955,1480,962
868,ad_id_996,ad_set_020,984.97,1.2,31.84%,31.78%,10.12%,1.12,85919,33,3.44%,29.85,0.59,1.73,30538,11952,7439,5667,3789
869,ad_id_1265,ad_set_018,172.23,2.59,46.09%,35.17%,16.21%,1.05,8747,13,14.16%,13.25,0.68,2.78,4231,1789,1146,879,556
870,ad_id_548,ad_set_066,96.76,0.4,50.82%,48.20%,24.50%,1.26,2701,2,5.89%,48.38,0.81,3.5,1726,908,698,530,321
871,ad_id_12,ad_set_049,1348.16,1.82,51.04%,40.10%,20.47%,1.13,48081,78,14.39%,17.28,0.83,3.0,27661,12965,8499,6451,4119
872,ad_id_214,ad_set_062,728.17,2.12,45.95%,37.63%,17.29%,1.05,38286,41,10.15%,17.76,0.65,2.76,18554,8390,5313,4056,2641
873,ad_id_995,ad_set_010,0.0,0.0,0.00%,0.00%,0.00%,1.0,1,0,0.00%,0.0,0.0,0.0,0,0,0,0,0
874,ad_id_429,ad_set_052,772.9,1.97,47.57%,36.56%,17.39%,1.08,39205,48,11.29%,16.1,0.65,2.8,20220,8901,5576,4277,2658
875,ad_id_1574,ad_set_027,72.78,1.07,31.16%,30.32%,9.45%,1.05,9818,6,5.81%,12.13,0.38,1.88,3216,1178,734,568,414
876,ad_id_853,ad_set_075,80.87,1.47,44.37%,35.90%,15.93%,1.1,3318,3,8.21%,26.96,1.0,2.22,1621,686,453,332,178
877,ad_id_256,ad_set_093,1607.05,1.65,50.05%,40.24%,20.14%,1.14,56056,80,12.50%,20.09,0.86,2.92,32028,15046,10023,7605,4810
878,ad_id_492,ad_set_036,0.96,0.0,56.25%,22.22%,12.50%,1.0,32,0,0.00%,0.0,0.0,0.0,18,4,1,1,1
879,ad_id_954,ad_set_113,1.26,0.0,37.84%,28.57%,10.81%,1.06,35,0,0.00%,0.0,1.26,2.7,14,4,3,3,2
880,ad_id_1521,ad_set_046,4.02,0.0,40.00%,32.00%,12.80%,1.02,122,0,0.00%,0.0,2.01,1.6,50,19,13,11,7
881,ad_id_742,ad_set_045,2.11,0.0,53.62%,32.43%,17.39%,1.01,68,0,0.00%,0.0,0.7,4.35,37,14,8,8,3
882,ad_id_1415,ad_set_087,4.37,0.0,42.86%,25.93%,11.11%,1.02,123,0,0.00%,0.0,0.73,4.76,54,18,12,5,3
883,ad_id_3,ad_set_098,0.1,0.0,28.57%,50.00%,14.29%,1.0,7,0,0.00%,0.0,0.0,0.0,2,1,0,0,0
884,ad_id_974,ad_set_019,0.85,0.0,73.33%,27.27%,20.00%,1.0,15,0,0.00%,0.0,0.43,13.33,11,3,3,2,2
885,ad_id_839,ad_set_041,2.72,0.0,70.37%,47.37%,33.33%,1.0,27,0,0.00%,0.0,0.0,0.0,19,11,7,1,1
886,ad_id_665,ad_set_013,3.31,0.0,42.86%,22.22%,9.52%,1.11,19,0,0.00%,0.0,1.66,9.52,9,2,2,1,1
887,ad_id_999,ad_set_093,4.49,0.0,40.29%,26.79%,10.79%,1.03,135,0,0.00%,0.0,0.9,3.6,56,18,10,10,7
888,ad_id_628,ad_set_092,2.85,0.0,45.26%,13.95%,6.32%,1.03,92,0,0.00%,0.0,1.43,2.11,43,9,4,3,3
889,ad_id_1202,ad_set_082,10.17,0.0,42.97%,33.64%,14.46%,1.01,247,0,0.00%,0.0,1.13,3.61,107,45,30,25,16
890,ad_id_134,ad_set_114,0.53,0.0,40.00%,40.00%,16.00%,1.0,25,0,0.00%,0.0,0.53,4.0,10,5,2,1,1
891,ad_id_38,ad_set_052,6.54,0.0,70.59%,29.17%,20.59%,1.03,99,0,0.00%,0.0,1.64,3.92,72,26,18,14,10
892,ad_id_1769,ad_set_006,1.52,0.0,71.43%,20.00%,14.29%,1.0,21,0,0.00%,0.0,0.76,9.52,15,3,1,0,0
893,ad_id_718,ad_set_002,33.51,1.27,31.97%,31.48%,10.06%,1.17,957,2,17.81%,16.76,1.2,2.49,359,144,92,69,42
894,ad_id_696,ad_set_012,47.6,3.28,34.40%,30.77%,10.59%,1.21,1312,4,25.20%,11.9,1.19,2.52,546,193,129,89,55
895,ad_id_462,ad_set_113,312.57,1.92,45.96%,30.30%,13.93%,1.29,8289,16,15.02%,19.54,1.06,2.76,4897,1965,1197,935,584
896,ad_id_1687,ad_set_071,31.99,0.0,36.06%,28.61%,10.32%,1.21,972,0,0.00%,0.0,1.03,2.64,423,171,90,70,42
897,ad_id_316,ad_set_007,382.31,1.39,44.35%,30.50%,13.53%,1.23,11302,15,10.80%,25.49,1.06,2.58,6160,2517,1475,1125,658
898,ad_id_739,ad_set_029,31.18,1.25,37.03%,31.05%,11.50%,1.13,661,1,13.37%,31.18,1.42,2.94,277,98,66,48,33
899,ad_id_1358,ad_set_100,40.36,0.0,40.23%,31.14%,12.53%,1.1,1169,0,0.00%,0.0,1.35,2.33,517,212,124,98,56
900,ad_id_830,ad_set_113,25.36,1.54,40.68%,34.46%,14.02%,1.14,702,1,12.52%,25.36,1.59,2.0,325,154,94,76,48
901,ad_id_1186,ad_set_082,39.49,0.99,29.30%,34.25%,10.04%,1.13,988,2,17.92%,19.75,0.94,3.76,327,128,86,71,46
902,ad_id_960,ad_set_105,0.26,0.0,50.00%,0.00%,0.00%,1.0,4,0,0.00%,0.0,0.0,0.0,2,0,0,0,0
903,ad_id_1241,ad_set_004,0.98,0.0,55.56%,26.67%,14.81%,1.04,26,0,0.00%,0.0,0.98,3.7,15,9,3,3,2
904,ad_id_564,ad_set_049,71.24,0.55,32.97%,32.34%,10.66%,1.02,4264,1,2.29%,71.24,0.69,2.38,1438,579,340,242,174
905,ad_id_938,ad_set_023,72.5,1.08,42.99%,38.70%,16.64%,1.17,2269,2,7.56%,36.25,0.86,3.18,1137,499,356,257,152
906,ad_id_1586,ad_set_021,110.18,2.66,44.25%,35.53%,15.72%,1.02,5495,8,14.23%,13.77,0.84,2.33,2488,1073,684,552,342
907,ad_id_260,ad_set_098,0.12,0.0,0.00%,0.00%,0.00%,1.0,1,0,0.00%,0.0,0.0,0.0,0,0,0,0,0
908,ad_id_862,ad_set_036,1302.38,1.63,46.76%,37.94%,17.74%,1.11,57017,65,10.30%,20.04,0.75,2.76,29511,13382,8628,6513,4138
909,ad_id_950,ad_set_115,3367.44,1.98,40.84%,37.73%,15.41%,1.17,176892,226,10.87%,14.9,0.67,2.44,84876,37777,25185,19169,12331
910,ad_id_1073,ad_set_047,2.29,0.0,47.83%,31.82%,15.22%,1.02,45,0,0.00%,0.0,1.15,4.35,22,10,7,6,3
911,ad_id_539,ad_set_007,1032.2,2.59,45.45%,35.18%,15.99%,1.09,49547,78,14.46%,13.23,0.76,2.53,24518,10440,6581,4996,3014
912,ad_id_43,ad_set_016,65.89,1.77,42.48%,34.92%,14.83%,1.05,3308,7,20.16%,9.41,0.63,3.0,1475,620,387,298,183
913,ad_id_270,ad_set_068,5.6,0.0,47.29%,28.13%,13.30%,1.03,197,0,0.00%,0.0,0.62,4.43,96,37,18,12,11
914,ad_id_352,ad_set_001,3.51,0.0,37.25%,23.68%,8.82%,1.03,99,0,0.00%,0.0,1.76,1.96,38,12,6,4,1
915,ad_id_192,ad_set_092,639.33,1.8,47.57%,37.15%,17.67%,1.05,27136,39,13.65%,16.39,0.79,2.84,13591,6017,3887,2959,1905
916,ad_id_97,ad_set_003,0.56,0.0,19.05%,25.00%,4.76%,1.62,13,0,0.00%,0.0,0.0,0.0,4,1,1,1,1
917,ad_id_351,ad_set_080,5.57,0.0,50.00%,33.98%,16.99%,1.02,202,0,0.00%,0.0,1.86,1.46,103,44,24,17,10
918,ad_id_993,ad_set_109,0.48,0.0,55.00%,45.45%,25.00%,1.0,20,0,0.00%,0.0,0.24,10.0,11,5,4,2,2
919,ad_id_1110,ad_set_021,331.58,2.19,34.97%,33.77%,11.81%,1.22,14037,21,12.31%,15.79,0.84,2.32,5966,2369,1533,1134,745
920,ad_id_1599,ad_set_067,3814.74,1.88,47.45%,37.01%,17.56%,1.16,132382,226,14.75%,16.88,0.85,2.92,72691,32227,20471,15524,9858
921,ad_id_1086,ad_set_002,3169.36,1.62,51.40%,38.74%,19.91%,1.15,93296,147,13.74%,21.56,0.95,3.11,54995,25074,16457,12576,7768
922,ad_id_287,ad_set_026,4013.31,1.63,52.42%,39.92%,20.92%,1.14,117623,199,14.81%,20.17,0.97,3.07,70434,33081,21736,16686,10501
923,ad_id_1675,ad_set_016,10.16,0.0,46.59%,34.96%,16.29%,1.03,256,0,0.00%,0.0,1.02,3.79,123,52,34,23,10
924,ad_id_545,ad_set_090,6.45,0.0,41.57%,44.59%,18.54%,1.01,177,0,0.00%,0.0,0.92,3.93,74,35,17,14,10
925,ad_id_1406,ad_set_068,0.22,0.0,66.67%,0.00%,0.00%,1.0,6,0,0.00%,0.0,0.0,0.0,4,0,0,0,0
926,ad_id_551,ad_set_028,0.74,0.0,58.33%,57.14%,33.33%,1.0,24,0,0.00%,0.0,0.0,0.0,14,9,4,2,1
927,ad_id_197,ad_set_010,2.08,0.0,38.33%,39.13%,15.00%,1.11,54,0,0.00%,0.0,0.69,5.0,23,11,8,6,4
928,ad_id_1420,ad_set_010,17.76,0.0,48.60%,36.49%,17.74%,1.1,649,0,0.00%,0.0,0.57,4.33,348,163,95,74,45
929,ad_id_1262,ad_set_095,0.24,0.0,33.33%,0.00%,0.00%,1.0,3,0,0.00%,0.0,0.0,0.0,1,0,0,0,0
930,ad_id_137,ad_set_099,0.02,0.0,0.00%,0.00%,0.00%,1.0,2,0,0.00%,0.0,0.0,0.0,0,0,0,0,0
931,ad_id_1688,ad_set_115,18.45,0.0,50.46%,33.45%,16.88%,1.04,524,0,0.00%,0.0,0.71,4.77,275,108,71,55,32
932,ad_id_128,ad_set_080,1.26,0.0,31.82%,42.86%,13.64%,1.05,21,0,0.00%,0.0,0.63,9.09,7,3,2,2,1
933,ad_id_497,ad_set_043,0.02,0.0,100.00%,100.00%,100.00%,1.0,1,0,0.00%,0.0,0.0,0.0,1,1,1,0,0
934,ad_id_531,ad_set_049,0.0,0.0,0.00%,0.00%,0.00%,1.0,1,0,0.00%,0.0,0.0,0.0,0,0,0,0,0
935,ad_id_470,ad_set_055,0.07,0.0,0.00%,0.00%,0.00%,1.0,1,0,0.00%,0.0,0.0,0.0,0,0,0,0,0
936,ad_id_421,ad_set_078,7.49,0.0,29.80%,30.26%,9.02%,1.18,216,0,0.00%,0.0,0.5,5.88,76,37,15,10,6
937,ad_id_241,ad_set_052,61.69,1.43,44.40%,32.61%,14.48%,1.12,2134,2,8.39%,30.85,0.82,3.15,1058,437,243,181,111
938,ad_id_278,ad_set_038,1.78,0.0,22.86%,50.00%,11.43%,1.06,33,0,0.00%,0.0,0.0,0.0,8,5,3,2,2
939,ad_id_1446,ad_set_094,20.28,0.0,49.54%,33.80%,16.74%,1.07,409,0,0.00%,0.0,0.75,6.19,216,89,49,38,29
940,ad_id_104,ad_set_109,2.03,0.0,53.85%,35.71%,19.23%,1.04,25,0,0.00%,0.0,1.02,7.69,14,5,1,1,1
941,ad_id_1136,ad_set_047,0.98,0.0,41.67%,20.00%,8.33%,1.0,12,0,0.00%,0.0,0.0,0.0,5,1,0,0,0
942,ad_id_118,ad_set_086,1.83,0.0,25.93%,0.00%,0.00%,1.04,26,0,0.00%,0.0,0.0,0.0,7,1,0,0,0
943,ad_id_1694,ad_set_070,5.51,0.0,50.00%,40.00%,20.00%,1.0,100,0,0.00%,0.0,0.92,6.0,50,23,15,9,7
944,ad_id_356,ad_set_062,4.79,0.0,36.89%,31.58%,11.65%,1.07,96,0,0.00%,0.0,1.2,3.88,38,16,9,7,3
945,ad_id_1274,ad_set_098,0.04,0.0,0.00%,0.00%,0.00%,1.0,2,0,0.00%,0.0,0.0,0.0,0,0,0,0,0
946,ad_id_1547,ad_set_037,36.1,1.22,45.56%,28.70%,13.07%,1.08,906,2,20.43%,18.05,0.84,4.39,446,168,104,83,42
947,ad_id_1780,ad_set_096,0.05,0.0,0.00%,0.00%,0.00%,1.0,2,0,0.00%,0.0,0.0,0.0,0,0,0,0,0
948,ad_id_945,ad_set_090,19.05,0.0,53.77%,32.58%,17.52%,1.05,392,0,0.00%,0.0,1.19,3.89,221,92,49,36,24
949,ad_id_1394,ad_set_086,3.8,0.0,35.23%,45.16%,15.91%,1.02,86,0,0.00%,0.0,0.95,4.55,31,15,7,2,1
950,ad_id_612,ad_set_072,0.01,0.0,0.00%,0.00%,0.00%,1.0,1,0,0.00%,0.0,0.0,0.0,0,0,0,0,0
951,ad_id_711,ad_set_073,0.02,0.0,100.00%,100.00%,100.00%,1.0,1,0,0.00%,0.0,0.0,0.0,1,1,0,0,0
952,ad_id_289,ad_set_098,5.61,0.0,23.33%,14.29%,3.33%,1.03,58,0,0.00%,0.0,2.81,3.33,14,12,5,2,2
953,ad_id_658,ad_set_106,0.0,0.0,0.00%,0.00%,0.00%,1.0,1,0,0.00%,0.0,0.0,0.0,0,0,0,0,0
954,ad_id_1055,ad_set_003,1.45,0.0,30.30%,50.00%,15.15%,1.0,33,0,0.00%,0.0,0.0,0.0,10,8,3,3,2
955,ad_id_587,ad_set_078,0.28,0.0,50.00%,50.00%,25.00%,1.0,4,0,0.00%,0.0,0.28,25.0,2,1,1,1,0
956,ad_id_1336,ad_set_077,2.63,0.0,38.10%,68.75%,26.19%,1.0,42,0,0.00%,0.0,2.63,2.38,16,12,8,7,7
957,ad_id_373,ad_set_003,0.36,0.0,66.67%,25.00%,16.67%,1.0,6,0,0.00%,0.0,0.0,0.0,4,2,1,1,0
958,ad_id_1539,ad_set_068,0.67,0.0,25.00%,100.00%,25.00%,1.0,8,0,0.00%,0.0,0.67,12.5,2,2,2,2,1
959,ad_id_1711,ad_set_031,0.04,0.0,0.00%,0.00%,0.00%,1.0,1,0,0.00%,0.0,0.0,0.0,0,0,0,0,0
960,ad_id_1636,ad_set_028,1.02,0.0,40.00%,83.33%,33.33%,1.0,15,0,0.00%,0.0,0.51,13.33,6,5,3,0,0
961,ad_id_1234,ad_set_037,0.41,0.0,20.00%,0.00%,0.00%,1.0,5,0,0.00%,0.0,0.0,0.0,1,1,1,1,0
962,ad_id_1462,ad_set_004,0.63,0.0,18.18%,50.00%,9.09%,1.0,11,0,0.00%,0.0,0.0,0.0,2,1,1,1,1
963,ad_id_1046,ad_set_021,0.11,0.0,100.00%,100.00%,100.00%,1.0,1,0,0.00%,0.0,0.0,0.0,1,1,1,1,1
964,ad_id_847,ad_set_023,0.14,0.0,50.00%,50.00%,25.00%,1.0,4,0,0.00%,0.0,0.0,0.0,2,1,0,0,0
965,ad_id_779,ad_set_002,0.7,0.0,58.33%,42.86%,25.00%,1.0,12,0,0.00%,0.0,0.7,8.33,7,4,3,3,2
966,ad_id_1124,ad_set_061,3.53,0.0,34.78%,50.00%,17.39%,1.01,68,0,0.00%,0.0,3.53,1.45,24,18,11,4,3
967,ad_id_1211,ad_set_019,0.91,0.0,53.85%,71.43%,38.46%,1.0,13,0,0.00%,0.0,0.0,0.0,7,5,4,4,3
968,ad_id_416,ad_set_093,15.86,0.0,44.44%,58.33%,25.93%,1.0,270,0,0.00%,0.0,1.98,2.96,120,91,70,47,17
969,ad_id_1700,ad_set_007,0.04,0.0,0.00%,0.00%,0.00%,1.0,1,0,0.00%,0.0,0.0,0.0,0,0,0,0,0
970,ad_id_1103,ad_set_017,16.06,0.0,51.18%,58.16%,29.76%,1.03,454,0,0.00%,0.0,1.15,3.0,239,128,120,74,51
971,ad_id_721,ad_set_010,0.08,0.0,60.00%,33.33%,20.00%,1.0,5,0,0.00%,0.0,0.0,0.0,3,0,0,0,0
972,ad_id_1725,ad_set_008,0.15,0.0,20.00%,100.00%,20.00%,1.0,5,0,0.00%,0.0,0.0,0.0,1,1,1,1,1
973,ad_id_1624,ad_set_038,0.02,0.0,0.00%,0.00%,0.00%,1.0,1,0,0.00%,0.0,0.0,0.0,0,0,0,0,0
974,ad_id_1520,ad_set_008,0.02,0.0,0.00%,0.00%,0.00%,1.0,1,0,0.00%,0.0,0.0,0.0,0,0,0,0,0
975,ad_id_1060,ad_set_022,8.6,0.0,32.84%,61.19%,20.10%,1.01,202,0,0.00%,0.0,1.08,3.92,67,40,33,20,13
976,ad_id_1279,ad_set_035,1.38,0.0,18.75%,66.67%,12.50%,1.0,32,0,0.00%,0.0,0.0,0.0,6,5,3,1,0
977,ad_id_1039,ad_set_071,0.01,0.0,100.00%,100.00%,100.00%,1.0,1,0,0.00%,0.0,0.0,0.0,1,1,1,0,0
978,ad_id_343,ad_set_043,3.96,0.0,48.61%,62.86%,30.56%,1.01,71,0,0.00%,0.0,1.32,4.17,35,20,19,14,13
979,ad_id_446,ad_set_067,0.85,0.0,60.00%,66.67%,40.00%,1.0,15,0,0.00%,0.0,0.85,6.67,9,6,5,2,2
980,ad_id_514,ad_set_045,1.3,0.0,70.37%,57.89%,40.74%,1.0,27,0,0.00%,0.0,0.0,0.0,19,11,9,6,6
981,ad_id_785,ad_set_020,0.01,0.0,0.00%,0.00%,0.00%,1.0,1,0,0.00%,0.0,0.0,0.0,0,0,0,0,0
982,ad_id_1504,ad_set_107,0.06,0.0,100.00%,50.00%,50.00%,1.0,2,0,0.00%,0.0,0.0,0.0,2,1,1,0,0
983,ad_id_408,ad_set_047,31.97,0.0,57.36%,57.07%,32.74%,1.0,727,0,0.00%,0.0,1.39,3.16,417,233,209,137,127
984,ad_id_1133,ad_set_031,0.41,0.0,61.54%,37.50%,23.08%,1.0,13,0,0.00%,0.0,0.0,0.0,8,3,2,1,1
985,ad_id_243,ad_set_090,0.16,0.0,33.33%,100.00%,33.33%,1.0,3,0,0.00%,0.0,0.16,33.33,1,1,1,1,1
986,ad_id_257,ad_set_093,0.0,0.0,0.00%,0.00%,0.00%,1.0,1,0,0.00%,0.0,0.0,0.0,0,0,0,0,0
987,ad_id_1416,ad_set_023,0.7,0.0,61.54%,75.00%,46.15%,1.0,13,0,0.00%,0.0,0.35,15.38,8,6,4,3,3
988,ad_id_264,ad_set_020,0.5,0.0,60.00%,33.33%,20.00%,1.0,5,0,0.00%,0.0,0.0,0.0,3,1,0,0,0
989,ad_id_1727,ad_set_054,0.32,0.0,33.33%,50.00%,16.67%,1.0,6,0,0.00%,0.0,0.0,0.0,2,1,1,0,0
990,ad_id_1008,ad_set_088,0.44,0.0,100.00%,57.14%,57.14%,1.0,7,0,0.00%,0.0,0.0,0.0,7,4,4,3,3
991,ad_id_68,ad_set_071,1.49,0.0,47.37%,44.44%,21.05%,1.06,18,0,0.00%,0.0,1.49,5.26,9,4,3,2,2
992,ad_id_1252,ad_set_043,0.0,0.0,0.00%,0.00%,0.00%,1.0,1,0,0.00%,0.0,0.0,0.0,0,0,0,0,0
993,ad_id_1672,ad_set_023,0.32,0.0,66.67%,100.00%,66.67%,1.0,3,0,0.00%,0.0,0.0,0.0,2,2,2,2,2
994,ad_id_282,ad_set_081,1.05,0.0,21.43%,0.00%,0.00%,1.0,14,0,0.00%,0.0,0.0,0.0,3,2,1,1,0
995,ad_id_1257,ad_set_101,1.42,0.0,0.00%,0.00%,0.00%,1.0,12,0,0.00%,0.0,0.0,0.0,0,0,0,0,0
996,ad_id_1093,ad_set_067,2.79,0.0,22.22%,16.67%,3.70%,1.0,27,0,0.00%,0.0,0.0,0.0,6,6,2,2,0
997,ad_id_1457,ad_set_033,0.99,0.0,16.67%,100.00%,16.67%,1.0,6,0,0.00%,0.0,0.0,0.0,1,1,1,1,1
998,ad_id_1332,ad_set_063,1.79,0.0,31.58%,0.00%,0.00%,1.0,19,0,0.00%,0.0,0.0,0.0,6,5,3,3,0
999,ad_id_359,ad_set_028,2.6,0.0,44.44%,0.00%,0.00%,1.0,18,0,0.00%,0.0,0.0,0.0,8,7,1,0,0
1000,ad_id_605,ad_set_038,1.27,0.0,12.50%,100.00%,12.50%,1.0,8,0,0.00%,0.0,0.0,0.0,1,1,1,1,0
1001,ad_id_1235,ad_set_073,0.58,0.0,27.27%,0.00%,0.00%,1.0,11,0,0.00%,0.0,0.0,0.0,3,2,1,0,0
1002,ad_id_230,ad_set_021,0.51,0.0,18.18%,0.00%,0.00%,1.0,11,0,0.00%,0.0,0.0,0.0,2,2,0,0,0
1003,ad_id_1762,ad_set_066,2.53,0.0,37.50%,11.11%,4.17%,1.0,24,0,0.00%,0.0,0.0,0.0,9,7,5,3,1
1004,ad_id_1184,ad_set_106,1.46,0.0,58.33%,28.57%,16.67%,1.0,12,0,0.00%,0.0,0.0,0.0,7,6,4,2,2
1005,ad_id_877,ad_set_005,0.75,0.0,33.33%,33.33%,11.11%,1.0,9,0,0.00%,0.0,0.75,11.11,3,2,1,1,1
1006,ad_id_487,ad_set_111,2.01,0.0,17.65%,0.00%,0.00%,1.0,17,0,0.00%,0.0,0.0,0.0,3,2,0,0,0
1007,ad_id_1317,ad_set_057,0.01,0.0,0.00%,0.00%,0.00%,1.0,4,0,0.00%,0.0,0.0,0.0,0,0,0,0,0
1008,ad_id_88,ad_set_068,0.4,0.0,60.00%,0.00%,0.00%,1.0,5,0,0.00%,0.0,0.0,0.0,3,2,1,0,0
1009,ad_id_112,ad_set_018,1.43,0.0,50.00%,17.65%,8.82%,1.0,34,0,0.00%,0.0,0.0,0.0,17,9,7,4,2
1010,ad_id_315,ad_set_087,0.72,0.0,33.33%,0.00%,0.00%,1.0,9,0,0.00%,0.0,0.0,0.0,3,0,0,0,0
1011,ad_id_1261,ad_set_106,0.5,0.0,28.57%,100.00%,28.57%,1.0,7,0,0.00%,0.0,0.0,0.0,2,2,2,2,1
1012,ad_id_1542,ad_set_024,0.74,0.0,0.00%,0.00%,0.00%,1.0,13,0,0.00%,0.0,0.0,0.0,0,0,0,0,0
1013,ad_id_686,ad_set_028,0.51,0.0,43.48%,20.00%,8.70%,1.1,21,0,0.00%,0.0,0.0,0.0,10,3,2,0,0
1014,ad_id_674,ad_set_094,0.48,0.0,71.43%,0.00%,0.00%,1.0,7,0,0.00%,0.0,0.0,0.0,5,4,0,0,0
1015,ad_id_244,ad_set_073,0.3,0.0,38.46%,0.00%,0.00%,1.0,13,0,0.00%,0.0,0.0,0.0,5,5,1,0,0
1016,ad_id_1607,ad_set_033,1.15,0.0,30.56%,27.27%,8.33%,1.03,35,0,0.00%,0.0,0.0,0.0,11,11,5,4,2
1017,ad_id_786,ad_set_060,0.63,0.0,15.00%,33.33%,5.00%,1.05,19,0,0.00%,0.0,0.63,5.0,3,3,3,1,1
1018,ad_id_285,ad_set_031,0.8,0.0,17.86%,20.00%,3.57%,1.0,28,0,0.00%,0.0,0.4,7.14,5,4,1,1,1
1019,ad_id_1303,ad_set_071,1.56,0.0,30.95%,38.46%,11.90%,1.0,42,0,0.00%,0.0,0.78,4.76,13,11,8,6,5
1020,ad_id_614,ad_set_012,2.15,0.0,31.51%,21.74%,6.85%,1.0,73,0,0.00%,0.0,2.15,1.37,23,15,10,5,4
1021,ad_id_222,ad_set_114,4.0,0.0,27.84%,14.81%,4.12%,1.03,94,0,0.00%,0.0,2.0,2.06,27,23,10,4,4
1022,ad_id_1496,ad_set_066,1.7,0.0,27.03%,10.00%,2.70%,1.0,37,0,0.00%,0.0,1.7,2.7,10,7,3,2,1
1023,ad_id_707,ad_set_113,1.13,0.0,51.61%,31.25%,16.13%,1.03,30,0,0.00%,0.0,1.13,3.23,16,8,6,4,3
1024,ad_id_1056,ad_set_068,2.08,0.0,25.81%,6.25%,1.61%,1.0,62,0,0.00%,0.0,2.08,1.61,16,9,2,1,0
1025,ad_id_1342,ad_set_073,1.09,0.0,40.63%,0.00%,0.00%,1.03,31,0,0.00%,0.0,1.09,3.13,13,8,3,0,0
1026,ad_id_1716,ad_set_114,2.72,0.0,35.38%,21.74%,7.69%,1.02,64,0,0.00%,0.0,2.72,1.54,23,19,11,7,3
1027,ad_id_1534,ad_set_018,0.18,0.0,70.00%,28.57%,20.00%,1.0,10,0,0.00%,0.0,0.0,0.0,7,6,5,5,2
1028,ad_id_1790,ad_set_095,2.78,0.0,31.07%,37.50%,11.65%,1.08,95,0,0.00%,0.0,0.56,4.85,32,27,16,13,11
1029,ad_id_1242,ad_set_066,5.58,0.0,41.58%,23.81%,9.90%,1.01,100,0,0.00%,0.0,1.86,2.97,42,28,18,13,8
1030,ad_id_1421,ad_set_011,2.38,0.0,33.33%,28.57%,9.52%,1.02,41,0,0.00%,0.0,0.0,0.0,14,14,10,6,4
1031,ad_id_166,ad_set_051,0.79,0.0,30.00%,33.33%,10.00%,1.0,20,0,0.00%,0.0,0.0,0.0,6,5,3,2,2
1032,ad_id_769,ad_set_098,3.58,0.0,50.88%,34.48%,17.54%,1.04,55,0,0.00%,0.0,3.58,1.75,29,20,13,10,8
1033,ad_id_857,ad_set_008,2.34,0.0,0.00%,0.00%,0.00%,1.04,127,0,0.00%,0.0,0.0,0.0,0,0,0,0,0
1034,ad_id_962,ad_set_097,1.39,0.0,0.00%,0.00%,0.00%,1.02,114,0,0.00%,0.0,0.0,0.0,0,0,0,0,0
1035,ad_id_437,ad_set_066,1.32,0.0,0.00%,0.00%,0.00%,1.1,110,0,0.00%,0.0,0.66,1.65,0,0,0,0,0
1036,ad_id_363,ad_set_076,4.7,0.0,0.00%,0.00%,0.00%,1.06,349,0,0.00%,0.0,0.0,0.0,0,0,0,0,0
1037,ad_id_1784,ad_set_001,0.29,0.0,0.00%,0.00%,0.00%,1.04,28,0,0.00%,0.0,0.29,3.45,0,0,0,0,0
1038,ad_id_1326,ad_set_019,2.56,0.0,0.00%,0.00%,0.00%,1.03,276,0,0.00%,0.0,0.0,0.0,0,0,0,0,0
1039,ad_id_536,ad_set_001,1.63,0.0,0.00%,0.00%,0.00%,1.04,122,0,0.00%,0.0,1.63,0.79,0,0,0,0,0
1040,ad_id_1708,ad_set_013,0.25,0.0,0.00%,0.00%,0.00%,1.1,29,0,0.00%,0.0,0.0,0.0,0,0,0,0,0
1041,ad_id_413,ad_set_094,0.18,0.0,0.00%,0.00%,0.00%,1.07,15,0,0.00%,0.0,0.0,0.0,0,0,0,0,0
1042,ad_id_1497,ad_set_084,1.99,0.0,0.00%,0.00%,0.00%,1.01,150,0,0.00%,0.0,0.0,0.0,0,0,0,0,0
1043,ad_id_810,ad_set_024,5.38,0.0,0.00%,0.00%,0.00%,1.04,403,0,0.00%,0.0,5.38,0.24,0,0,0,0,0
1044,ad_id_639,ad_set_020,0.68,0.0,0.00%,0.00%,0.00%,1.0,32,0,0.00%,0.0,0.0,0.0,0,0,0,0,0
1045,ad_id_1237,ad_set_037,0.13,0.0,0.00%,0.00%,0.00%,1.07,14,0,0.00%,0.0,0.0,0.0,0,0,0,0,0
1046,ad_id_226,ad_set_088,3.23,0.0,0.00%,0.00%,0.00%,1.04,223,0,0.00%,0.0,1.62,0.87,0,0,0,0,0
1047,ad_id_133,ad_set_102,1.0,0.0,0.00%,0.00%,0.00%,1.11,55,0,0.00%,0.0,0.0,0.0,0,0,0,0,0
1048,ad_id_841,ad_set_037,2.81,0.0,0.00%,0.00%,0.00%,1.03,217,0,0.00%,0.0,0.0,0.0,0,0,0,0,0
1049,ad_id_83,ad_set_053,0.43,0.0,62.50%,20.00%,12.50%,1.0,8,0,0.00%,0.0,0.43,12.5,5,4,3,1,0
1050,ad_id_375,ad_set_033,1.38,0.0,34.55%,10.53%,3.64%,1.02,54,0,0.00%,0.0,0.0,0.0,19,12,2,2,1
1051,ad_id_193,ad_set_063,2.8,0.0,41.60%,5.77%,2.40%,1.0,125,0,0.00%,0.0,0.0,0.0,52,39,9,3,1
1052,ad_id_1664,ad_set_001,4.13,0.0,41.96%,10.00%,4.20%,1.01,142,0,0.00%,0.0,0.0,0.0,60,46,10,5,2
1053,ad_id_1502,ad_set_046,3.14,0.0,23.96%,8.70%,2.08%,1.07,90,0,0.00%,0.0,0.0,0.0,23,20,8,1,1
1054,ad_id_677,ad_set_020,11.72,0.0,31.26%,17.39%,5.44%,1.07,481,0,0.00%,0.0,0.84,2.72,161,112,38,24,11
1055,ad_id_758,ad_set_010,0.09,0.0,25.00%,33.33%,8.33%,1.0,12,0,0.00%,0.0,0.0,0.0,3,2,1,1,0
1056,ad_id_712,ad_set_068,2.58,0.0,22.79%,16.13%,3.68%,1.0,136,0,0.00%,0.0,0.0,0.0,31,18,8,6,4
1057,ad_id_1396,ad_set_096,4.15,0.0,30.17%,15.71%,4.74%,1.02,227,0,0.00%,0.0,4.15,0.43,70,43,16,12,7
1058,ad_id_1335,ad_set_051,1.03,0.0,38.10%,12.50%,4.76%,1.0,21,0,0.00%,0.0,0.0,0.0,8,6,1,1,0
1059,ad_id_348,ad_set_087,1.05,0.0,27.59%,8.33%,2.30%,1.0,87,0,0.00%,0.0,1.05,1.15,24,12,3,1,0
1060,ad_id_491,ad_set_115,79.41,0.0,37.55%,11.49%,4.31%,1.03,3654,4,10.58%,19.85,2.41,0.87,1419,987,266,136,47
1061,ad_id_1017,ad_set_031,5.39,0.0,0.00%,0.00%,0.00%,1.04,271,0,0.00%,0.0,0.9,2.12,0,0,0,0,0
1062,ad_id_259,ad_set_073,4.59,0.0,0.00%,0.00%,0.00%,1.02,264,0,0.00%,0.0,0.77,2.22,0,0,0,0,0
1063,ad_id_627,ad_set_069,1.74,0.0,0.00%,0.00%,0.00%,1.04,76,0,0.00%,0.0,0.58,3.8,0,0,0,0,0
1064,ad_id_1439,ad_set_083,6.34,0.0,0.00%,0.00%,0.00%,1.0,323,0,0.00%,0.0,0.58,3.41,0,0,0,0,0
1065,ad_id_1404,ad_set_006,4.53,0.0,0.00%,0.00%,0.00%,1.03,278,0,0.00%,0.0,0.91,1.75,0,0,0,0,0
1066,ad_id_905,ad_set_054,2.35,0.0,0.00%,0.00%,0.00%,1.02,166,0,0.00%,0.0,0.78,1.76,0,0,0,0,0
1067,ad_id_1765,ad_set_023,5.87,0.0,0.00%,0.00%,0.00%,1.01,392,0,0.00%,0.0,0.65,2.27,0,0,0,0,0
1068,ad_id_1159,ad_set_006,0.21,0.0,0.00%,0.00%,0.00%,1.0,22,0,0.00%,0.0,0.21,4.55,0,0,0,0,0
1069,ad_id_504,ad_set_093,3.45,0.0,0.00%,0.00%,0.00%,1.01,174,0,0.00%,0.0,0.86,2.27,0,0,0,0,0
1070,ad_id_1300,ad_set_028,1.53,0.0,0.00%,0.00%,0.00%,1.0,112,0,0.00%,0.0,1.53,0.89,0,0,0,0,0
1071,ad_id_987,ad_set_044,0.14,0.0,0.00%,0.00%,0.00%,1.09,11,0,0.00%,0.0,0.14,8.33,0,0,0,0,0
1072,ad_id_339,ad_set_092,1.91,0.0,0.00%,0.00%,0.00%,1.0,107,0,0.00%,0.0,1.91,0.93,0,0,0,0,0
1073,ad_id_680,ad_set_086,0.07,0.0,0.00%,0.00%,0.00%,1.0,1,0,0.00%,0.0,0.0,0.0,0,0,0,0,0
1074,ad_id_364,ad_set_021,0.67,0.0,0.00%,0.00%,0.00%,1.02,45,0,0.00%,0.0,0.0,0.0,0,0,0,0,0
1075,ad_id_817,ad_set_094,0.62,0.0,0.00%,0.00%,0.00%,1.0,51,0,0.00%,0.0,0.0,0.0,0,0,0,0,0
1076,ad_id_992,ad_set_016,0.17,0.0,0.00%,0.00%,0.00%,1.05,22,0,0.00%,0.0,0.0,0.0,0,0,0,0,0
1077,ad_id_856,ad_set_013,0.19,0.0,0.00%,0.00%,0.00%,1.0,20,0,0.00%,0.0,0.0,0.0,0,0,0,0,0
1078,ad_id_578,ad_set_066,0.38,0.0,0.00%,0.00%,0.00%,1.0,10,0,0.00%,0.0,0.38,10.0,0,0,0,0,0
1079,ad_id_2,ad_set_031,1.56,0.0,0.00%,0.00%,0.00%,1.02,122,0,0.00%,0.0,1.56,0.8,0,0,0,0,0
1080,ad_id_98,ad_set_076,0.23,0.0,0.00%,0.00%,0.00%,1.0,16,0,0.00%,0.0,0.0,0.0,0,0,0,0,0
1081,ad_id_306,ad_set_071,0.22,0.0,0.00%,0.00%,0.00%,1.17,12,0,0.00%,0.0,0.11,14.29,0,0,0,0,0
1082,ad_id_1632,ad_set_044,0.16,0.0,0.00%,0.00%,0.00%,1.0,15,0,0.00%,0.0,0.0,0.0,0,0,0,0,0
1083,ad_id_1019,ad_set_063,0.41,0.0,0.00%,0.00%,0.00%,1.07,58,0,0.00%,0.0,0.0,0.0,0,0,0,0,0
1084,ad_id_450,ad_set_006,3.22,0.0,0.00%,0.00%,0.00%,1.01,217,0,0.00%,0.0,1.61,0.91,0,0,0,0,0
1085,ad_id_682,ad_set_099,3.01,0.0,0.00%,0.00%,0.00%,1.0,212,0,0.00%,0.0,0.22,6.6,0,0,0,0,0
1086,ad_id_601,ad_set_098,0.46,0.0,0.00%,0.00%,0.00%,1.02,48,0,0.00%,0.0,0.46,2.04,0,0,0,0,0
1087,ad_id_1766,ad_set_051,1.42,0.0,0.00%,0.00%,0.00%,1.01,103,0,0.00%,0.0,0.71,1.92,0,0,0,0,0
1088,ad_id_1144,ad_set_028,0.07,0.0,0.00%,0.00%,0.00%,1.0,1,0,0.00%,0.0,0.0,0.0,0,0,0,0,0
1089,ad_id_25,ad_set_003,0.04,0.0,66.67%,0.00%,0.00%,1.5,2,0,0.00%,0.0,0.0,0.0,2,2,0,0,0
1090,ad_id_175,ad_set_009,0.04,0.0,60.00%,33.33%,20.00%,1.25,4,0,0.00%,0.0,0.04,20.0,3,3,3,1,1
1091,ad_id_468,ad_set_063,0.04,0.0,14.29%,0.00%,0.00%,1.0,7,0,0.00%,0.0,0.04,14.29,1,1,0,0,0
1092,ad_id_1344,ad_set_071,0.01,0.0,100.00%,0.00%,0.00%,1.0,1,0,0.00%,0.0,0.0,0.0,1,1,0,0,0
1093,ad_id_505,ad_set_105,0.0,0.0,0.00%,0.00%,0.00%,1.0,1,0,0.00%,0.0,0.0,0.0,0,0,0,0,0
1094,ad_id_1686,ad_set_016,0.0,0.0,0.00%,0.00%,0.00%,1.0,1,0,0.00%,0.0,0.0,0.0,0,0,0,0,0
1095,ad_id_1590,ad_set_004,6.6,0.0,32.75%,19.47%,6.38%,1.02,674,0,0.00%,0.0,1.65,0.58,226,254,104,68,44
1096,ad_id_225,ad_set_052,2.17,0.0,33.86%,23.53%,7.97%,1.03,244,1,39.84%,2.17,0.43,1.99,85,94,46,32,20
1097,ad_id_1256,ad_set_013,0.46,0.0,30.00%,13.33%,4.00%,1.06,47,0,0.00%,0.0,0.46,2.0,15,16,9,5,2
1098,ad_id_789,ad_set_066,1.88,0.0,26.94%,15.38%,4.15%,1.03,188,0,0.00%,0.0,0.27,3.63,52,33,23,11,4
1099,ad_id_173,ad_set_114,11.51,0.0,31.74%,18.35%,5.82%,1.05,832,0,0.00%,0.0,1.44,0.91,278,160,105,63,37
1100,ad_id_826,ad_set_042,4.82,0.0,23.95%,15.00%,3.59%,1.04,322,0,0.00%,0.0,0.96,1.5,80,48,31,14,6
1101,ad_id_1754,ad_set_054,1.95,0.0,28.65%,16.36%,4.69%,1.02,189,1,52.08%,1.95,0.39,2.6,55,31,21,13,6
1102,ad_id_878,ad_set_073,0.09,0.0,11.11%,0.00%,0.00%,1.29,7,0,0.00%,0.0,0.0,0.0,1,1,1,1,0
1103,ad_id_448,ad_set_057,0.0,0.0,100.00%,0.00%,0.00%,1.0,1,0,0.00%,0.0,0.0,0.0,1,1,0,0,0
1104,ad_id_460,ad_set_032,0.02,0.0,16.67%,0.00%,0.00%,1.0,6,0,0.00%,0.0,0.0,0.0,1,1,1,0,0
1105,ad_id_390,ad_set_017,0.0,0.0,0.00%,0.00%,0.00%,1.0,1,0,0.00%,0.0,0.0,0.0,0,0,0,0,0
1106,ad_id_760,ad_set_041,0.02,0.0,33.33%,0.00%,0.00%,1.5,2,0,0.00%,0.0,0.0,0.0,1,0,0,0,0
1107,ad_id_1487,ad_set_008,0.01,0.0,25.00%,50.00%,12.50%,1.0,8,0,0.00%,0.0,0.0,0.0,2,2,1,1,1
1108,ad_id_849,ad_set_083,0.21,0.0,40.00%,0.00%,0.00%,1.07,14,0,0.00%,0.0,0.0,0.0,6,6,0,0,0
1109,ad_id_642,ad_set_111,0.28,0.0,50.00%,25.00%,12.50%,1.0,8,0,0.00%,0.0,0.28,12.5,4,4,3,1,1
1110,ad_id_573,ad_set_086,0.0,0.0,0.00%,0.00%,0.00%,1.0,1,0,0.00%,0.0,0.0,0.0,0,0,0,0,0
1111,ad_id_746,ad_set_084,0.0,0.0,0.00%,0.00%,0.00%,1.0,2,0,0.00%,0.0,0.0,0.0,0,0,0,0,0
1112,ad_id_910,ad_set_022,0.01,0.0,0.00%,0.00%,0.00%,1.0,3,0,0.00%,0.0,0.0,0.0,0,0,0,0,0
1113,ad_id_694,ad_set_067,3.03,0.0,29.52%,28.45%,8.40%,1.01,390,0,0.00%,0.0,3.03,0.25,116,131,61,46,33
1114,ad_id_1324,ad_set_006,0.06,0.0,100.00%,100.00%,100.00%,1.0,1,0,0.00%,0.0,0.06,100.0,1,1,1,1,1
1115,ad_id_809,ad_set_006,0.08,0.0,11.11%,100.00%,11.11%,1.13,8,0,0.00%,0.0,0.0,0.0,1,1,1,1,1
1116,ad_id_1154,ad_set_005,0.01,0.0,50.00%,0.00%,0.00%,1.0,2,0,0.00%,0.0,0.0,0.0,1,1,0,0,0
1117,ad_id_1479,ad_set_054,0.11,0.0,30.00%,0.00%,0.00%,1.0,10,0,0.00%,0.0,0.0,0.0,3,3,2,1,0
1118,ad_id_1032,ad_set_029,0.1,0.0,27.27%,0.00%,0.00%,1.22,9,0,0.00%,0.0,0.0,0.0,3,3,1,0,0
1119,ad_id_1513,ad_set_103,12.49,0.0,27.39%,21.94%,6.01%,1.03,1096,1,8.83%,12.49,0.73,1.5,310,193,130,78,52
1120,ad_id_1796,ad_set_003,4.97,0.0,28.64%,22.40%,6.42%,1.04,616,0,0.00%,0.0,1.66,0.47,183,218,95,69,41
1121,ad_id_1295,ad_set_031,9.86,0.0,25.47%,14.86%,3.78%,1.04,662,0,0.00%,0.0,0.62,2.33,175,156,78,40,26
1122,ad_id_74,ad_set_070,2.21,0.0,24.08%,19.57%,4.71%,1.04,183,0,0.00%,0.0,0.74,1.57,46,39,24,17,9
1123,ad_id_338,ad_set_052,3.0,0.0,33.33%,4.35%,1.45%,1.04,199,0,0.00%,0.0,1.5,0.97,69,57,32,8,3
1124,ad_id_1206,ad_set_114,1.06,0.0,10.26%,25.00%,2.56%,1.18,33,0,0.00%,0.0,0.0,0.0,4,4,1,1,1
1125,ad_id_253,ad_set_059,23.46,0.0,35.26%,20.00%,7.05%,1.04,1366,0,0.00%,0.0,0.76,2.19,500,316,197,123,68
1126,ad_id_943,ad_set_097,15.22,0.0,41.96%,27.19%,11.41%,1.02,993,0,0.00%,0.0,0.72,2.08,423,462,233,161,115
1127,ad_id_391,ad_set_001,0.69,0.0,28.21%,18.18%,5.13%,1.0,39,0,0.00%,0.0,0.69,2.56,11,8,3,3,2
1128,ad_id_288,ad_set_002,0.12,0.0,0.00%,0.00%,0.00%,1.0,11,0,0.00%,0.0,0.0,0.0,0,0,0,0,0
1129,ad_id_1222,ad_set_069,5.24,0.0,0.00%,0.00%,0.00%,1.05,287,0,0.00%,0.0,0.87,1.99,0,0,0,0,0
1130,ad_id_880,ad_set_022,7.69,0.0,0.00%,0.00%,0.00%,1.08,320,0,0.00%,0.0,0.96,2.32,0,0,0,0,0
1131,ad_id_52,ad_set_075,1.49,0.0,0.00%,0.00%,0.00%,1.12,110,0,0.00%,0.0,0.37,3.25,0,0,0,0,0
1132,ad_id_455,ad_set_113,1.84,0.0,0.00%,0.00%,0.00%,1.1,96,0,0.00%,0.0,0.0,0.0,0,0,0,0,0
1133,ad_id_1617,ad_set_016,2.06,0.0,0.00%,0.00%,0.00%,1.02,140,0,0.00%,0.0,1.03,1.4,0,0,0,0,0
1134,ad_id_793,ad_set_106,7.04,0.0,0.00%,0.00%,0.00%,1.07,354,0,0.00%,0.0,1.17,1.58,0,0,0,0,0
1135,ad_id_1798,ad_set_049,4.3,0.0,0.00%,0.00%,0.00%,1.19,256,0,0.00%,0.0,4.3,0.33,0,0,0,0,0
1136,ad_id_835,ad_set_080,0.96,0.0,0.00%,0.00%,0.00%,1.15,68,0,0.00%,0.0,0.0,0.0,0,0,0,0,0
1137,ad_id_1589,ad_set_028,0.25,0.0,0.00%,0.00%,0.00%,1.28,25,0,0.00%,0.0,0.25,3.13,0,0,0,0,0
1138,ad_id_597,ad_set_102,2.31,0.0,0.00%,0.00%,0.00%,1.34,107,0,0.00%,0.0,0.77,2.1,0,0,0,0,0
1139,ad_id_519,ad_set_032,2.26,0.0,0.00%,0.00%,0.00%,1.34,182,0,0.00%,0.0,0.45,2.06,0,0,0,0,0
1140,ad_id_1153,ad_set_066,17.54,3.55,34.03%,18.82%,6.41%,1.05,1193,2,16.01%,8.77,0.92,1.52,425,265,155,96,53
1141,ad_id_823,ad_set_082,17.54,0.0,34.65%,19.49%,6.75%,1.06,1078,1,8.77%,17.54,0.84,1.84,395,239,151,93,60
1142,ad_id_900,ad_set_018,10.74,0.0,75.52%,18.74%,14.15%,1.0,241989,184006,7603.90%,0.0,0.02,0.21,182756,139708,99217,47702,17305
1143,ad_id_675,ad_set_052,100.46,0.4,37.28%,19.85%,7.40%,1.0,6704,4,5.97%,25.12,0.75,2.0,2499,1529,958,580,354
1144,ad_id_1460,ad_set_099,0.98,0.0,26.83%,31.82%,8.54%,1.0,82,0,0.00%,0.0,0.0,0.0,22,13,10,8,6
1145,ad_id_142,ad_set_057,3.0,0.0,39.05%,17.07%,6.67%,1.01,207,0,0.00%,0.0,3.0,0.48,82,41,28,15,12
1146,ad_id_1266,ad_set_023,15.12,0.0,38.13%,22.08%,8.42%,1.01,1243,0,0.00%,0.0,0.54,2.22,480,324,202,120,82
1147,ad_id_1314,ad_set_057,23.49,0.0,36.48%,22.84%,8.33%,1.04,1895,1,5.08%,23.49,0.4,3.0,718,444,282,185,114
1148,ad_id_759,ad_set_023,22.56,1.81,31.54%,17.77%,5.61%,1.06,2206,2,8.56%,11.28,0.63,1.54,737,430,272,160,94
1149,ad_id_1327,ad_set_029,136.41,0.75,32.95%,17.63%,5.81%,1.07,10622,7,6.16%,19.49,0.74,1.63,3744,2159,1355,786,482
1150,ad_id_1293,ad_set_031,1.4,0.0,39.39%,23.08%,9.09%,1.06,93,0,0.00%,0.0,0.7,2.02,39,35,22,16,9
1151,ad_id_881,ad_set_105,28.04,0.0,34.78%,18.52%,6.44%,1.0,1708,0,0.00%,0.0,1.08,1.52,594,365,220,135,81
1152,ad_id_928,ad_set_036,1.02,0.0,25.00%,8.33%,2.08%,1.17,41,0,0.00%,0.0,0.0,0.0,12,5,3,1,1
1153,ad_id_1764,ad_set_089,1.65,0.0,31.17%,16.67%,5.19%,1.2,64,0,0.00%,0.0,1.65,1.3,24,17,11,5,4
1154,ad_id_813,ad_set_083,3.86,0.0,32.48%,26.47%,8.60%,1.03,305,0,0.00%,0.0,1.93,0.64,102,86,51,38,28
1155,ad_id_326,ad_set_083,83.03,1.72,32.81%,21.04%,6.91%,1.06,5945,7,11.11%,11.86,0.7,1.87,2067,1272,802,516,316
1156,ad_id_1334,ad_set_062,28.13,0.0,35.19%,18.82%,6.62%,1.03,1495,0,0.00%,0.0,1.28,1.43,542,302,184,120,66
1157,ad_id_1512,ad_set_048,1.91,0.0,30.16%,21.05%,6.35%,1.12,113,0,0.00%,0.0,1.91,0.79,38,35,17,11,8
1158,ad_id_1075,ad_set_005,0.45,0.0,29.63%,37.50%,11.11%,1.04,26,0,0.00%,0.0,0.0,0.0,8,7,3,3,3
1159,ad_id_864,ad_set_079,1.82,0.0,31.76%,14.89%,4.73%,1.1,134,0,0.00%,0.0,1.82,0.68,47,45,23,15,7
1160,ad_id_863,ad_set_018,27.25,0.0,32.95%,18.05%,5.95%,1.02,1610,0,0.00%,0.0,0.91,1.82,543,334,202,123,72
1161,ad_id_1248,ad_set_006,1.42,0.0,25.00%,6.25%,1.56%,1.05,61,0,0.00%,0.0,0.0,0.0,16,8,2,1,1
1162,ad_id_115,ad_set_009,34.15,0.0,34.51%,18.61%,6.42%,1.05,2110,1,4.52%,34.15,0.88,1.76,763,471,289,174,89
1163,ad_id_150,ad_set_016,3.03,0.0,33.97%,28.17%,9.57%,1.06,198,0,0.00%,0.0,1.01,1.44,71,58,36,30,19
1164,ad_id_55,ad_set_022,0.82,0.0,25.00%,13.33%,3.33%,1.03,58,0,0.00%,0.0,0.0,0.0,15,9,2,2,2
1165,ad_id_1536,ad_set_004,1.53,0.0,32.47%,24.00%,7.79%,1.0,77,0,0.00%,0.0,0.0,0.0,25,16,10,7,6
1166,ad_id_441,ad_set_054,1.43,0.0,36.90%,16.13%,5.95%,1.04,81,0,0.00%,0.0,1.43,1.19,31,21,12,8,4
1167,ad_id_871,ad_set_097,27.38,0.0,32.81%,19.29%,6.33%,1.01,1619,0,0.00%,0.0,0.86,1.95,539,309,197,122,73
1168,ad_id_435,ad_set_084,0.8,0.0,33.33%,10.53%,3.51%,1.02,56,0,0.00%,0.0,0.0,0.0,19,14,9,3,1
1169,ad_id_35,ad_set_072,10.93,0.0,32.57%,17.54%,5.71%,1.01,518,0,0.00%,0.0,1.21,1.71,171,96,65,38,25
1170,ad_id_200,ad_set_104,10.94,0.0,33.39%,21.63%,7.22%,1.0,623,0,0.00%,0.0,0.99,1.77,208,124,78,55,38
1171,ad_id_1286,ad_set_006,11.66,0.0,35.42%,17.68%,6.26%,1.01,551,0,0.00%,0.0,1.67,1.25,198,122,74,43,25
1172,ad_id_994,ad_set_029,2.71,0.0,36.36%,26.39%,9.60%,1.05,189,0,0.00%,0.0,0.54,2.53,72,68,41,32,19
1173,ad_id_271,ad_set_028,0.81,0.0,52.08%,16.00%,8.33%,1.0,48,0,0.00%,0.0,0.0,0.0,25,23,12,8,4
1174,ad_id_1466,ad_set_113,0.72,0.0,29.17%,23.81%,6.94%,1.07,67,0,0.00%,0.0,0.72,1.39,21,21,13,12,5
1175,ad_id_374,ad_set_081,0.23,0.0,45.45%,26.67%,12.12%,1.03,32,0,0.00%,0.0,0.0,0.0,15,12,8,6,4
1176,ad_id_876,ad_set_051,0.33,0.0,25.81%,37.50%,9.68%,1.07,29,0,0.00%,0.0,0.33,3.23,8,6,5,3,3
1177,ad_id_1757,ad_set_093,0.71,0.0,32.20%,31.58%,10.17%,1.04,57,0,0.00%,0.0,0.71,1.69,19,17,9,8,6
1178,ad_id_831,ad_set_021,10.76,0.0,32.10%,18.24%,5.86%,1.0,461,0,0.00%,0.0,1.54,1.52,148,95,57,30,17
1179,ad_id_69,ad_set_026,0.94,0.0,42.31%,13.64%,5.77%,1.16,45,0,0.00%,0.0,0.94,1.92,22,15,9,4,3
1180,ad_id_1640,ad_set_016,0.29,0.0,18.18%,50.00%,9.09%,1.05,21,0,0.00%,0.0,0.0,0.0,4,2,2,2,2
1181,ad_id_1364,ad_set_084,0.63,0.0,42.11%,25.00%,10.53%,1.06,36,0,0.00%,0.0,0.32,5.26,16,16,9,7,4
1182,ad_id_473,ad_set_053,6.01,0.0,25.11%,28.81%,7.23%,1.01,232,0,0.00%,0.0,0.75,3.4,59,40,26,18,13
1183,ad_id_1463,ad_set_004,7.82,0.0,36.06%,26.50%,9.55%,1.02,639,0,0.00%,0.0,0.49,2.47,234,260,138,97,63
1184,ad_id_690,ad_set_114,1.48,0.0,31.36%,18.92%,5.93%,1.04,113,0,0.00%,0.0,0.74,1.69,37,31,22,15,7
1185,ad_id_1091,ad_set_087,0.45,0.0,37.14%,38.46%,14.29%,1.03,34,0,0.00%,0.0,0.45,2.86,13,9,7,6,3
1186,ad_id_861,ad_set_001,0.2,0.0,26.32%,20.00%,5.26%,1.12,17,0,0.00%,0.0,0.2,5.26,5,5,2,2,1
1187,ad_id_554,ad_set_043,0.0,0.0,0.00%,0.00%,0.00%,1.0,2,0,0.00%,0.0,0.0,0.0,0,1,0,0,0
1188,ad_id_1398,ad_set_006,0.13,0.0,58.33%,0.00%,0.00%,1.0,12,0,0.00%,0.0,0.0,0.0,7,7,1,0,0
1189,ad_id_801,ad_set_043,0.26,0.0,36.36%,25.00%,9.09%,1.0,11,0,0.00%,0.0,0.26,9.09,4,3,2,2,1
1190,ad_id_451,ad_set_094,8.46,0.0,18.77%,20.00%,3.75%,1.03,285,0,0.00%,0.0,8.46,0.34,55,39,20,16,11
1191,ad_id_916,ad_set_098,52.47,0.0,27.68%,21.32%,5.90%,1.02,2788,0,0.00%,0.0,1.22,1.51,788,566,330,228,147
1192,ad_id_1272,ad_set_050,48.33,0.0,26.11%,19.48%,5.09%,1.03,5178,0,0.00%,0.0,0.64,1.4,1396,877,542,335,200
1193,ad_id_1568,ad_set_105,2.04,0.0,24.18%,25.76%,6.23%,1.03,531,0,0.00%,0.0,0.29,1.28,132,146,71,47,33
1194,ad_id_651,ad_set_003,2.27,0.0,25.25%,32.68%,8.25%,1.07,569,0,0.00%,0.0,0.17,2.15,153,167,94,72,50
1195,ad_id_412,ad_set_001,17.92,0.0,52.24%,19.33%,10.10%,1.04,4684,0,0.00%,0.0,0.22,1.7,2550,2255,1455,880,493
1196,ad_id_431,ad_set_070,32.66,0.0,52.15%,18.90%,9.85%,1.02,11046,0,0.00%,0.0,0.17,1.76,5848,5157,3325,2016,1107
1197,ad_id_525,ad_set_014,14.81,0.0,52.21%,19.03%,9.94%,1.04,4815,0,0.00%,0.0,0.17,1.7,2611,2268,1431,878,496
1198,ad_id_532,ad_set_049,2.02,0.0,40.37%,18.85%,7.61%,1.05,611,0,0.00%,0.0,0.25,1.24,260,246,111,67,49
1199,ad_id_1021,ad_set_047,1.05,0.0,39.06%,23.28%,9.09%,1.02,291,0,0.00%,0.0,0.26,1.35,116,110,61,35,27
1200,ad_id_1706,ad_set_086,0.42,0.0,50.50%,19.80%,10.00%,1.01,199,0,0.00%,0.0,0.42,0.5,101,93,46,26,19
1201,ad_id_538,ad_set_113,12.15,3.42,34.75%,23.13%,8.04%,1.04,3376,2,5.72%,6.08,0.32,1.09,1215,1353,631,431,281
1202,ad_id_1471,ad_set_075,23.92,1.7,38.57%,25.39%,9.79%,1.01,6540,5,7.53%,4.78,0.24,1.48,2560,2786,1393,946,652
1203,ad_id_449,ad_set_019,15.28,0.0,37.96%,24.73%,9.39%,1.03,4522,0,0.00%,0.0,0.29,1.14,1771,1939,919,625,439
1204,ad_id_1566,ad_set_051,0.15,0.0,18.52%,20.00%,3.70%,1.04,26,0,0.00%,0.0,0.0,0.0,5,6,4,3,1
1205,ad_id_1231,ad_set_029,0.25,0.0,11.76%,16.67%,1.96%,1.04,49,0,0.00%,0.0,0.25,1.96,6,9,3,2,1
1206,ad_id_947,ad_set_049,0.21,0.0,37.84%,42.86%,16.22%,1.06,35,0,0.00%,0.0,0.0,0.0,14,17,9,8,6
1207,ad_id_641,ad_set_043,2.03,0.0,22.54%,36.09%,8.14%,1.08,546,0,0.00%,0.0,0.41,0.85,133,148,92,62,48
1208,ad_id_632,ad_set_063,0.7,0.0,30.00%,16.67%,5.00%,1.25,32,0,0.00%,0.0,0.7,2.5,12,10,5,3,2
1209,ad_id_1733,ad_set_093,14.85,0.0,39.14%,18.98%,7.43%,1.04,1013,0,0.00%,0.0,1.06,1.33,411,324,196,104,75
1210,ad_id_634,ad_set_006,45.49,0.0,38.81%,14.56%,5.65%,1.01,3814,1,2.60%,45.49,0.72,1.64,1490,1153,547,292,196
1211,ad_id_1141,ad_set_099,16.03,0.0,34.65%,12.16%,4.21%,1.04,1436,0,0.00%,0.0,1.0,1.07,518,381,189,98,51
1212,ad_id_1510,ad_set_102,1.46,0.0,48.39%,23.33%,11.29%,1.02,61,0,0.00%,0.0,1.46,1.61,30,21,11,7,7
1213,ad_id_782,ad_set_068,5.16,0.0,38.13%,16.33%,6.23%,1.04,246,0,0.00%,0.0,2.58,0.78,98,74,44,22,15
1214,ad_id_228,ad_set_050,0.03,0.0,100.00%,50.00%,50.00%,1.0,2,0,0.00%,0.0,0.0,0.0,2,2,1,1,1
1215,ad_id_870,ad_set_022,0.22,0.0,25.00%,0.00%,0.00%,1.0,12,0,0.00%,0.0,0.0,0.0,3,2,0,0,0
1216,ad_id_1408,ad_set_106,14.63,0.0,38.37%,15.37%,5.90%,1.03,1462,0,0.00%,0.0,0.44,2.19,579,441,201,109,83
1217,ad_id_535,ad_set_038,0.41,0.0,30.77%,0.00%,0.00%,1.0,13,0,0.00%,0.0,0.0,0.0,4,4,3,0,0
1218,ad_id_1322,ad_set_064,1.81,0.0,37.50%,18.75%,7.03%,1.05,122,0,0.00%,0.0,1.81,0.78,48,34,20,12,9
1219,ad_id_1340,ad_set_099,62.82,0.98,38.92%,15.03%,5.85%,1.0,5503,2,3.63%,31.41,0.7,1.64,2142,1658,806,420,286
1220,ad_id_1267,ad_set_018,0.12,0.0,45.16%,28.57%,12.90%,1.0,31,0,0.00%,0.0,0.12,3.23,14,15,6,4,4
1221,ad_id_542,ad_set_059,17.07,0.0,37.05%,22.23%,8.24%,1.08,5256,0,0.00%,0.0,0.33,0.92,2105,2310,1046,690,469
1222,ad_id_957,ad_set_084,0.57,0.0,46.32%,18.69%,8.66%,1.03,224,1,43.29%,0.57,0.11,2.16,107,102,40,30,20
1223,ad_id_430,ad_set_025,7.43,0.0,50.77%,16.72%,8.49%,1.05,2467,0,0.00%,0.0,0.24,1.2,1316,1156,736,410,220
1224,ad_id_1584,ad_set_103,0.86,0.0,23.77%,20.63%,4.91%,1.04,254,0,0.00%,0.0,0.17,1.89,63,70,36,21,13
1225,ad_id_298,ad_set_113,0.25,0.0,50.00%,25.00%,12.50%,1.0,8,0,0.00%,0.0,0.0,0.0,4,4,2,1,1
1226,ad_id_401,ad_set_001,34.87,0.0,38.27%,29.99%,11.48%,1.0,1946,0,0.00%,0.0,1.45,1.23,747,693,416,318,223
1227,ad_id_168,ad_set_075,0.0,0.0,0.00%,0.00%,0.00%,1.0,1,0,0.00%,0.0,0.0,0.0,0,0,0,0,0
1228,ad_id_103,ad_set_047,14.65,0.0,26.13%,21.46%,5.61%,1.04,806,0,0.00%,0.0,1.05,1.67,219,251,105,67,47
1229,ad_id_1741,ad_set_099,12.92,0.0,54.72%,14.39%,7.87%,1.03,247,0,0.00%,0.0,2.58,1.97,139,102,39,28,11
1230,ad_id_1666,ad_set_109,0.26,0.0,25.00%,0.00%,0.00%,1.09,11,0,0.00%,0.0,0.0,0.0,3,3,2,1,0
1231,ad_id_293,ad_set_076,0.63,0.0,66.67%,0.00%,0.00%,1.05,20,0,0.00%,0.0,0.0,0.0,14,11,2,0,0
1232,ad_id_1061,ad_set_090,4.56,0.0,33.01%,26.47%,8.74%,1.01,102,0,0.00%,0.0,4.56,0.97,34,31,14,10,7
1233,ad_id_1311,ad_set_074,0.66,0.0,29.55%,7.69%,2.27%,1.02,43,0,0.00%,0.0,0.0,0.0,13,11,4,3,1
1234,ad_id_181,ad_set_080,2.73,0.0,32.41%,20.00%,6.48%,1.05,103,0,0.00%,0.0,1.37,1.85,35,27,11,8,7
1235,ad_id_747,ad_set_021,123.94,0.48,29.89%,18.46%,5.52%,1.06,5181,3,5.46%,41.31,1.07,2.11,1641,1334,761,450,301
1236,ad_id_300,ad_set_036,0.81,0.0,21.05%,25.00%,5.26%,1.0,38,0,0.00%,0.0,0.0,0.0,8,8,4,2,2
1237,ad_id_1365,ad_set_007,18.97,2.11,34.65%,26.11%,9.04%,1.0,1371,5,36.47%,3.79,0.86,1.6,475,438,250,184,125
1238,ad_id_120,ad_set_088,11.27,0.0,31.00%,24.65%,7.64%,1.0,457,0,0.00%,0.0,0.81,3.06,142,90,63,41,25
1239,ad_id_484,ad_set_029,17.26,0.0,32.47%,22.49%,7.30%,1.04,1122,0,0.00%,0.0,1.08,1.37,378,344,192,138,85
1240,ad_id_757,ad_set_017,0.67,0.0,19.05%,25.00%,4.76%,1.02,62,0,0.00%,0.0,0.67,1.59,12,8,6,3,3
1241,ad_id_1752,ad_set_028,2.22,0.0,35.25%,16.28%,5.74%,1.04,117,0,0.00%,0.0,0.74,2.46,43,33,14,11,5
1242,ad_id_1768,ad_set_029,66.31,0.0,38.37%,23.78%,9.13%,1.12,4010,2,4.45%,33.16,0.77,1.91,1724,1280,757,514,363
1243,ad_id_22,ad_set_098,0.53,0.0,30.30%,10.00%,3.03%,1.0,33,0,0.00%,0.0,0.53,3.03,10,7,1,1,1
1244,ad_id_461,ad_set_010,8.48,4.72,30.63%,22.55%,6.91%,1.04,321,1,30.03%,8.48,1.41,1.8,102,63,42,28,18
1245,ad_id_955,ad_set_037,0.37,0.0,40.63%,7.69%,3.13%,1.07,30,0,0.00%,0.0,0.37,3.13,13,7,3,1,1
1246,ad_id_213,ad_set_061,1.86,0.0,40.30%,22.22%,8.96%,1.0,67,0,0.00%,0.0,1.86,1.49,27,17,10,6,5
1247,ad_id_291,ad_set_067,5.1,0.0,40.98%,27.38%,11.22%,1.0,205,0,0.00%,0.0,1.7,1.46,84,77,40,31,23
1248,ad_id_1772,ad_set_093,3.93,0.0,40.47%,24.14%,9.77%,1.0,215,0,0.00%,0.0,0.66,2.79,87,78,38,30,21
1249,ad_id_907,ad_set_046,41.28,2.91,34.29%,27.13%,9.30%,1.05,2418,5,19.71%,8.26,1.03,1.58,870,789,465,342,237
1250,ad_id_1417,ad_set_048,0.22,0.0,27.78%,20.00%,5.56%,1.0,18,0,0.00%,0.0,0.0,0.0,5,5,2,2,1
1251,ad_id_358,ad_set_094,18.64,0.0,35.81%,28.95%,10.37%,1.0,955,0,0.00%,0.0,1.17,1.68,342,316,192,147,99
1252,ad_id_1519,ad_set_105,20.5,1.95,34.12%,25.56%,8.72%,1.04,1267,2,15.16%,10.25,1.37,1.14,450,403,225,166,112
1253,ad_id_425,ad_set_006,5.02,0.0,37.73%,14.56%,5.49%,1.01,269,0,0.00%,0.0,0.84,2.2,103,57,29,18,12
1254,ad_id_1146,ad_set_109,6.62,0.0,34.06%,13.76%,4.69%,1.03,310,0,0.00%,0.0,1.66,1.25,109,84,36,22,14
1255,ad_id_1321,ad_set_081,11.13,0.0,32.67%,13.68%,4.47%,1.02,635,0,0.00%,0.0,1.24,1.39,212,145,80,47,25
1256,ad_id_902,ad_set_115,10.11,0.0,33.15%,13.26%,4.40%,1.0,546,0,0.00%,0.0,0.84,2.2,181,124,56,36,18
1257,ad_id_1724,ad_set_109,9.79,0.0,36.15%,15.74%,5.69%,1.02,534,0,0.00%,0.0,0.98,1.83,197,131,71,43,24
1258,ad_id_1001,ad_set_066,0.34,0.0,25.00%,33.33%,8.33%,1.0,12,0,0.00%,0.0,0.0,0.0,3,3,2,1,1
1259,ad_id_783,ad_set_050,0.63,0.0,31.25%,0.00%,0.00%,1.0,32,0,0.00%,0.0,0.63,3.13,10,6,2,2,0
1260,ad_id_1217,ad_set_067,0.34,0.0,29.41%,0.00%,0.00%,1.0,17,0,0.00%,0.0,0.0,0.0,5,2,0,0,0
1261,ad_id_563,ad_set_094,5.88,0.0,38.14%,32.43%,12.37%,1.01,287,0,0.00%,0.0,0.74,2.75,111,101,58,48,36
1262,ad_id_1382,ad_set_063,12.65,0.0,34.15%,15.25%,5.21%,1.0,690,0,0.00%,0.0,1.27,1.45,236,153,72,48,30
1263,ad_id_303,ad_set_070,0.57,0.0,54.29%,15.79%,8.57%,1.0,35,0,0.00%,0.0,0.0,0.0,19,12,10,7,2
1264,ad_id_716,ad_set_067,8.09,0.0,30.24%,20.44%,6.18%,1.0,453,0,0.00%,0.0,1.35,1.32,137,93,49,34,24
1265,ad_id_427,ad_set_029,8.55,0.0,39.24%,26.88%,10.55%,1.02,466,0,0.00%,0.0,1.22,1.48,186,173,107,76,50
1266,ad_id_890,ad_set_093,11.36,0.0,38.13%,26.23%,10.00%,1.02,471,0,0.00%,0.0,1.14,2.08,183,164,94,74,48
1267,ad_id_49,ad_set_020,17.07,0.0,32.73%,24.48%,8.01%,1.0,886,0,0.00%,0.0,1.22,1.58,290,259,151,112,71
1268,ad_id_1481,ad_set_083,6.31,0.0,30.32%,19.15%,5.81%,1.0,310,0,0.00%,0.0,3.16,0.65,94,66,37,20,16
1269,ad_id_1507,ad_set_076,4.44,0.0,40.17%,13.04%,5.24%,1.01,227,0,0.00%,0.0,1.11,1.75,92,61,28,16,9
1270,ad_id_387,ad_set_058,0.41,0.0,30.00%,11.11%,3.33%,1.03,29,0,0.00%,0.0,0.0,0.0,9,8,3,1,1
1271,ad_id_5,ad_set_109,8.46,9.45,37.58%,16.09%,6.05%,1.0,463,7,151.19%,1.21,1.06,1.73,174,111,60,37,24
1272,ad_id_1027,ad_set_033,38.0,0.0,33.91%,25.70%,8.71%,1.02,2693,1,3.63%,38.0,1.19,1.16,934,845,494,366,241
1273,ad_id_1695,ad_set_118,14.39,0.0,31.30%,21.95%,6.87%,1.04,632,1,15.27%,14.39,1.11,1.98,205,134,82,49,32
1274,ad_id_941,ad_set_022,1.42,0.0,20.69%,27.78%,5.75%,1.05,83,0,0.00%,0.0,0.0,0.0,18,25,9,6,5
1275,ad_id_1662,ad_set_016,1.41,0.0,32.71%,14.29%,4.67%,1.04,103,0,0.00%,0.0,1.41,0.93,35,36,13,8,5
1276,ad_id_1660,ad_set_006,0.52,0.0,47.06%,0.00%,0.00%,1.03,33,0,0.00%,0.0,0.0,0.0,16,15,3,0,0
1277,ad_id_1240,ad_set_021,3.06,0.0,32.61%,28.00%,9.13%,1.01,227,0,0.00%,0.0,0.77,1.74,75,79,42,28,21
1278,ad_id_1316,ad_set_057,4.1,0.0,43.53%,25.68%,11.18%,1.05,162,0,0.00%,0.0,1.03,2.35,74,71,52,27,19
1279,ad_id_1455,ad_set_019,0.86,0.0,37.50%,33.33%,12.50%,1.0,16,0,0.00%,0.0,0.0,0.0,6,6,4,3,2
1280,ad_id_771,ad_set_054,286.45,0.87,37.61%,24.36%,9.16%,1.09,22690,15,6.08%,19.1,0.81,1.43,9280,10226,4894,3355,2254
1281,ad_id_652,ad_set_097,3.34,0.0,35.77%,25.00%,8.94%,1.03,119,0,0.00%,0.0,1.67,1.63,44,50,25,16,11
1282,ad_id_748,ad_set_010,11.43,0.0,0.00%,0.00%,0.00%,1.05,158,0,0.00%,0.0,0.0,0.0,0,0,0,0,0
1283,ad_id_58,ad_set_054,19.64,0.0,0.00%,0.00%,0.00%,1.06,301,0,0.00%,0.0,4.91,1.26,0,0,0,0,0
1284,ad_id_1306,ad_set_008,1.19,0.0,0.00%,0.00%,0.00%,1.09,22,0,0.00%,0.0,0.0,0.0,0,0,0,0,0
1285,ad_id_528,ad_set_021,2.3,0.0,0.00%,0.00%,0.00%,1.09,43,0,0.00%,0.0,2.3,2.13,0,0,0,0,0
1286,ad_id_854,ad_set_109,18.71,0.0,0.00%,0.00%,0.00%,1.12,284,0,0.00%,0.0,4.68,1.26,0,0,0,0,0
1287,ad_id_1156,ad_set_029,3.46,0.0,0.00%,0.00%,0.00%,1.04,82,0,0.00%,0.0,0.0,0.0,0,0,0,0,0
1288,ad_id_1319,ad_set_113,17.73,0.0,0.00%,0.00%,0.00%,1.12,223,0,0.00%,0.0,1.97,3.61,0,0,0,0,0
1289,ad_id_1386,ad_set_006,4.88,0.0,0.00%,0.00%,0.00%,1.1,1387,0,0.00%,0.0,0.11,2.82,0,0,0,0,0
1290,ad_id_1734,ad_set_069,3.6,0.0,0.01%,0.00%,0.00%,1.14,7914,0,0.00%,0.0,0.06,0.66,1,0,0,0,0
1291,ad_id_1777,ad_set_049,4.61,0.0,0.00%,0.00%,0.00%,1.05,5462,0,0.00%,0.0,0.06,1.3,0,0,0,0,0
1292,ad_id_1786,ad_set_068,6.38,0.0,0.00%,0.00%,0.00%,1.1,1546,0,0.00%,0.0,0.19,1.94,0,0,0,0,0
1293,ad_id_195,ad_set_061,4.32,0.0,0.00%,0.00%,0.00%,1.17,9257,0,0.00%,0.0,0.04,0.94,0,0,0,0,0
1294,ad_id_1676,ad_set_063,5.33,0.0,0.00%,0.00%,0.00%,1.1,1522,0,0.00%,0.0,0.15,2.16,0,0,0,0,0
1295,ad_id_1112,ad_set_037,3.63,0.0,0.00%,0.00%,0.00%,1.02,3719,0,0.00%,0.0,0.09,1.08,0,0,0,0,0
1296,ad_id_687,ad_set_084,6.11,0.0,0.00%,0.00%,0.00%,1.07,1631,0,0.00%,0.0,0.17,2.05,0,0,0,0,0
1297,ad_id_231,ad_set_044,16.82,0.0,0.00%,0.00%,0.00%,1.11,557,0,0.00%,0.0,0.34,8.1,0,0,0,0,0
1298,ad_id_122,ad_set_108,0.58,0.0,0.00%,0.00%,0.00%,2.1,10,0,0.00%,0.0,0.29,9.52,0,0,0,0,0
1299,ad_id_603,ad_set_041,1.02,0.0,0.00%,0.00%,0.00%,1.37,19,0,0.00%,0.0,0.34,11.54,0,0,0,0,0
1300,ad_id_676,ad_set_018,10.92,0.0,48.80%,23.58%,11.51%,1.07,34206,17942,4921.55%,0.0,0.21,0.14,17789,12423,5920,3158,2181
1301,ad_id_778,ad_set_052,32.49,0.0,32.56%,33.33%,10.85%,1.05,2470,0,0.00%,0.0,0.81,1.54,843,458,292,164,83
1302,ad_id_930,ad_set_001,4.81,0.0,36.34%,34.23%,12.44%,1.01,406,0,0.00%,0.0,1.2,0.98,149,83,54,29,15
1303,ad_id_211,ad_set_029,14.57,0.0,31.77%,34.89%,11.09%,1.02,1253,0,0.00%,0.0,0.91,1.25,407,236,148,78,40
1304,ad_id_1281,ad_set_073,0.68,0.0,0.00%,0.00%,0.00%,1.12,17,0,0.00%,0.0,0.68,5.26,0,0,0,0,0
1305,ad_id_299,ad_set_037,7.04,0.0,0.00%,0.00%,0.00%,1.07,135,0,0.00%,0.0,1.76,2.76,0,0,0,0,0
1306,ad_id_1223,ad_set_025,0.81,0.0,0.00%,0.00%,0.00%,1.0,13,0,0.00%,0.0,0.81,7.69,0,0,0,0,0
1307,ad_id_1005,ad_set_099,6.89,0.0,0.00%,0.00%,0.00%,1.05,135,0,0.00%,0.0,1.38,3.52,0,0,0,0,0
1308,ad_id_1352,ad_set_032,0.85,0.0,0.00%,0.00%,0.00%,1.33,12,0,0.00%,0.0,0.0,0.0,0,0,0,0,0
1309,ad_id_819,ad_set_023,7.09,0.0,0.00%,0.00%,0.00%,1.07,146,0,0.00%,0.0,1.01,4.49,0,0,0,0,0
1310,ad_id_337,ad_set_018,0.48,0.0,0.00%,0.00%,0.00%,1.17,12,0,0.00%,0.0,0.48,7.14,0,0,0,0,0
1311,ad_id_323,ad_set_081,7.36,0.0,0.00%,0.00%,0.00%,1.05,142,0,0.00%,0.0,1.23,4.03,0,0,0,0,0
1312,ad_id_741,ad_set_063,11.36,0.0,29.56%,14.89%,4.40%,1.01,157,0,0.00%,0.0,3.79,1.89,47,12,6,1,0
1313,ad_id_307,ad_set_023,1.21,0.0,21.95%,0.00%,0.00%,1.0,41,0,0.00%,0.0,0.0,0.0,9,1,0,0,0
1314,ad_id_802,ad_set_093,3.32,0.0,32.70%,13.46%,4.40%,1.02,156,0,0.00%,0.0,1.11,1.89,52,13,7,4,4
1315,ad_id_1360,ad_set_067,2.27,0.0,32.40%,15.52%,5.03%,1.02,176,0,0.00%,0.0,1.14,1.12,58,16,5,4,4
1316,ad_id_101,ad_set_033,2.42,0.0,31.98%,9.09%,2.91%,1.04,165,0,0.00%,0.0,0.81,1.74,55,11,3,1,1
1317,ad_id_899,ad_set_037,9.78,5.3,25.08%,16.45%,4.13%,1.09,554,1,16.50%,9.78,1.96,0.83,152,91,51,24,19
1318,ad_id_1776,ad_set_069,6.31,0.0,28.45%,19.85%,5.65%,1.04,459,0,0.00%,0.0,0.9,1.46,136,87,55,26,19
1319,ad_id_1625,ad_set_099,6.81,0.0,30.14%,18.60%,5.61%,1.06,405,0,0.00%,0.0,0.97,1.64,129,82,45,22,18
1320,ad_id_1657,ad_set_106,10.82,2.98,26.25%,25.40%,6.67%,1.09,662,1,13.89%,10.82,0.72,2.08,189,127,86,44,30
1321,ad_id_24,ad_set_104,4.81,0.0,22.26%,14.67%,3.26%,1.02,330,0,0.00%,0.0,0.8,1.78,75,72,35,20,11
1322,ad_id_1165,ad_set_094,1.76,0.0,28.80%,22.22%,6.40%,1.08,116,0,0.00%,0.0,0.18,8.0,36,35,20,9,8
1323,ad_id_1196,ad_set_022,2.63,0.0,29.17%,28.57%,8.33%,1.03,140,0,0.00%,0.0,0.33,5.56,42,40,24,19,12
1324,ad_id_290,ad_set_059,4.64,0.0,18.24%,22.22%,4.05%,1.06,278,0,0.00%,0.0,0.0,0.0,54,50,33,20,12
1325,ad_id_571,ad_set_038,3.4,0.0,29.55%,23.29%,6.88%,1.04,238,0,0.00%,0.0,1.13,1.21,73,23,10,5,3
1326,ad_id_1226,ad_set_072,1.36,0.0,26.92%,20.00%,5.38%,1.04,125,0,0.00%,0.0,0.34,3.08,35,33,19,9,7
1327,ad_id_1063,ad_set_020,8.66,0.0,31.08%,24.36%,7.57%,1.04,482,0,0.00%,0.0,0.96,1.79,156,104,66,38,32
1328,ad_id_1537,ad_set_021,1.54,0.0,30.49%,16.00%,4.88%,1.0,82,0,0.00%,0.0,0.0,0.0,25,5,3,2,2
1329,ad_id_40,ad_set_017,20.64,0.0,0.00%,0.00%,0.00%,1.13,839,0,0.00%,0.0,1.21,1.79,0,0,0,0,0
1330,ad_id_1308,ad_set_029,6.36,0.0,0.00%,0.00%,0.00%,1.15,227,0,0.00%,0.0,0.8,3.08,0,0,0,0,0
1331,ad_id_1656,ad_set_061,1.87,0.0,26.09%,33.33%,8.70%,1.05,22,0,0.00%,0.0,0.0,0.0,6,6,3,3,1
1332,ad_id_1592,ad_set_001,5.3,0.0,28.72%,25.93%,7.45%,1.11,85,0,0.00%,0.0,2.65,2.13,27,24,10,8,7
1333,ad_id_1216,ad_set_065,7.38,0.0,25.77%,8.00%,2.06%,1.0,97,0,0.00%,0.0,7.38,1.03,25,23,12,6,2
1334,ad_id_1040,ad_set_106,0.88,0.0,18.18%,25.00%,4.55%,1.0,22,0,0.00%,0.0,0.0,0.0,4,4,3,1,1
1335,ad_id_1363,ad_set_003,6.77,0.0,26.96%,32.26%,8.70%,1.15,100,0,0.00%,0.0,1.35,4.35,31,25,17,12,10
1336,ad_id_273,ad_set_028,1.51,0.0,37.93%,36.36%,13.79%,1.21,24,0,0.00%,0.0,0.76,6.9,11,8,8,4,4
1337,ad_id_821,ad_set_022,5.98,0.0,23.75%,21.05%,5.00%,1.0,80,0,0.00%,0.0,2.99,2.5,19,17,9,5,4
1338,ad_id_648,ad_set_102,1.76,0.0,25.00%,0.00%,0.00%,1.0,28,0,0.00%,0.0,0.0,0.0,7,7,3,1,1
1339,ad_id_1143,ad_set_028,6.08,0.0,24.32%,29.63%,7.21%,1.07,104,0,0.00%,0.0,2.03,2.7,27,25,13,11,8
1340,ad_id_406,ad_set_077,1.47,0.0,14.81%,25.00%,3.70%,1.04,26,0,0.00%,0.0,0.0,0.0,4,4,2,2,1
1341,ad_id_543,ad_set_065,7.62,0.0,32.09%,22.10%,7.09%,1.04,544,0,0.00%,0.0,0.95,1.42,181,135,73,52,40
1342,ad_id_389,ad_set_066,32.99,0.0,38.35%,28.97%,11.11%,1.06,3681,0,0.00%,0.0,0.65,1.31,1498,1614,922,559,434
1343,ad_id_106,ad_set_010,13.4,0.0,33.10%,23.38%,7.74%,1.03,958,0,0.00%,0.0,1.03,1.32,325,268,143,104,76
1344,ad_id_897,ad_set_098,5.63,0.0,0.00%,0.00%,0.00%,1.06,103,0,0.00%,0.0,1.88,2.75,0,0,0,0,0
1345,ad_id_1432,ad_set_062,3.31,0.0,0.00%,0.00%,0.00%,1.1,63,0,0.00%,0.0,1.1,4.35,0,0,0,0,0
1346,ad_id_979,ad_set_031,4.15,0.0,0.00%,0.00%,0.00%,1.32,53,0,0.00%,0.0,1.04,5.71,0,0,0,0,0
1347,ad_id_1178,ad_set_023,5.36,0.0,0.00%,0.00%,0.00%,1.03,97,0,0.00%,0.0,5.36,1.0,0,0,0,0,0
1348,ad_id_1023,ad_set_061,10.05,0.0,0.00%,0.00%,0.00%,1.05,195,0,0.00%,0.0,3.35,1.47,0,0,0,0,0
1349,ad_id_1205,ad_set_056,4.91,0.0,0.00%,0.00%,0.00%,1.03,88,0,0.00%,0.0,0.0,0.0,0,0,0,0,0
1350,ad_id_1323,ad_set_067,11.42,0.0,0.00%,0.00%,0.00%,1.07,189,0,0.00%,0.0,1.63,3.47,0,0,0,0,0
1351,ad_id_1097,ad_set_011,4.3,0.0,0.00%,0.00%,0.00%,1.1,67,0,0.00%,0.0,4.3,1.35,0,0,0,0,0
1352,ad_id_1533,ad_set_033,19.01,0.0,0.00%,0.00%,0.00%,1.03,239,0,0.00%,0.0,3.8,2.02,0,0,0,0,0
1353,ad_id_1036,ad_set_090,2.25,0.0,0.00%,0.00%,0.00%,1.3,33,0,0.00%,0.0,0.75,6.98,0,0,0,0,0
1354,ad_id_76,ad_set_107,20.28,0.0,0.00%,0.00%,0.00%,1.09,243,0,0.00%,0.0,2.54,3.02,0,0,0,0,0
1355,ad_id_1424,ad_set_105,90.89,1.16,0.00%,0.00%,0.00%,1.39,1271,2,11.33%,45.45,2.07,2.49,0,0,0,0,0
1356,ad_id_153,ad_set_044,73.51,4.9,0.00%,0.00%,0.00%,1.35,1391,4,21.37%,18.38,1.5,2.62,0,0,0,0,0
1357,ad_id_1561,ad_set_056,0.49,0.0,0.00%,0.00%,0.00%,1.0,4,0,0.00%,0.0,0.0,0.0,0,0,0,0,0
1358,ad_id_1181,ad_set_073,6.19,0.0,20.29%,16.67%,3.38%,1.06,195,0,0.00%,0.0,2.06,1.45,42,13,5,3,0
1359,ad_id_1194,ad_set_109,8.93,0.0,24.24%,35.00%,8.48%,1.03,160,0,0.00%,0.0,2.23,2.42,40,16,8,5,4
1360,ad_id_1239,ad_set_099,0.69,0.0,50.00%,20.00%,10.00%,1.0,10,0,0.00%,0.0,0.0,0.0,5,1,0,0,0
1361,ad_id_1010,ad_set_004,6.87,0.0,27.40%,28.07%,7.69%,1.08,192,0,0.00%,0.0,3.44,0.96,57,22,8,4,1
1362,ad_id_1099,ad_set_096,3.16,0.0,21.38%,32.35%,6.92%,1.04,153,0,0.00%,0.0,1.05,1.89,34,13,8,5,3
1363,ad_id_683,ad_set_082,5.95,0.0,24.47%,26.09%,6.38%,1.03,183,0,0.00%,0.0,5.95,0.53,46,17,4,2,0
1364,ad_id_898,ad_set_114,0.54,0.0,66.67%,25.00%,16.67%,1.0,6,0,0.00%,0.0,0.0,0.0,4,2,1,0,0
1365,ad_id_102,ad_set_097,48.06,1.87,0.00%,0.00%,0.00%,1.16,807,1,10.66%,48.06,1.85,2.77,0,0,0,0,0
1366,ad_id_1191,ad_set_083,6.5,0.0,0.00%,0.00%,0.00%,1.34,148,0,0.00%,0.0,0.93,3.54,0,0,0,0,0
1367,ad_id_318,ad_set_063,48.22,1.87,0.00%,0.00%,0.00%,1.11,874,1,10.30%,48.22,3.44,1.44,0,0,0,0,0
1368,ad_id_335,ad_set_109,6.46,0.0,0.00%,0.00%,0.00%,1.22,114,0,0.00%,0.0,6.46,0.72,0,0,0,0,0
1369,ad_id_1758,ad_set_094,10.57,0.0,0.00%,0.00%,0.00%,1.14,205,0,0.00%,0.0,2.11,2.15,0,0,0,0,0
1370,ad_id_990,ad_set_041,10.07,0.0,0.00%,0.00%,0.00%,1.06,200,0,0.00%,0.0,5.04,0.95,0,0,0,0,0
1371,ad_id_593,ad_set_109,10.05,0.0,0.00%,0.00%,0.00%,1.06,215,0,0.00%,0.0,1.12,3.96,0,0,0,0,0
1372,ad_id_217,ad_set_099,11.03,0.0,0.00%,0.00%,0.00%,1.12,182,0,0.00%,0.0,2.21,2.45,0,0,0,0,0
1373,ad_id_20,ad_set_038,133.55,0.67,0.00%,0.00%,0.00%,1.35,2156,1,3.45%,133.55,1.91,2.41,0,0,0,0,0
1374,ad_id_1065,ad_set_114,80.15,5.81,0.00%,0.00%,0.00%,1.27,1441,6,32.91%,13.36,1.64,2.69,0,0,0,0,0
1375,ad_id_691,ad_set_001,27.1,0.0,0.00%,0.00%,0.00%,1.1,497,0,0.00%,0.0,2.26,2.19,0,0,0,0,0
1376,ad_id_1126,ad_set_007,74.67,2.41,0.00%,0.00%,0.00%,1.17,1380,2,12.37%,37.34,1.97,2.35,0,0,0,0,0
1377,ad_id_471,ad_set_046,10.93,0.0,0.00%,0.00%,0.00%,1.1,234,0,0.00%,0.0,1.09,3.89,0,0,0,0,0
1378,ad_id_669,ad_set_014,18.87,0.0,0.00%,0.00%,0.00%,1.04,440,0,0.00%,0.0,2.7,1.54,0,0,0,0,0
1379,ad_id_360,ad_set_087,42.05,0.0,0.00%,0.00%,0.00%,1.18,873,0,0.00%,0.0,2.1,1.94,0,0,0,0,0
1380,ad_id_882,ad_set_077,20.48,0.0,0.00%,0.00%,0.00%,1.03,389,0,0.00%,0.0,2.28,2.24,0,0,0,0,0
1381,ad_id_1603,ad_set_070,15.63,3.39,0.00%,0.00%,0.00%,1.14,263,1,33.22%,15.63,1.42,3.65,0,0,0,0,0
1382,ad_id_1794,ad_set_113,11.65,0.0,0.00%,0.00%,0.00%,1.05,240,0,0.00%,0.0,2.91,1.59,0,0,0,0,0
1383,ad_id_403,ad_set_002,20.05,0.0,0.00%,0.00%,0.00%,1.04,403,0,0.00%,0.0,5.01,0.95,0,0,0,0,0
1384,ad_id_1745,ad_set_049,26.49,0.0,0.00%,0.00%,0.00%,1.1,492,0,0.00%,0.0,2.04,2.4,0,0,0,0,0
1385,ad_id_347,ad_set_093,88.86,2.44,0.00%,0.00%,0.00%,1.16,1695,2,10.14%,44.43,1.68,2.69,0,0,0,0,0
1386,ad_id_1431,ad_set_067,15.45,3.43,0.00%,0.00%,0.00%,1.04,338,1,28.33%,15.45,1.93,2.27,0,0,0,0,0
1387,ad_id_132,ad_set_006,19.83,0.0,0.00%,0.00%,0.00%,1.11,398,0,0.00%,0.0,2.2,2.05,0,0,0,0,0
1388,ad_id_1459,ad_set_056,30.64,2.94,0.00%,0.00%,0.00%,1.14,643,1,13.59%,30.64,1.92,2.17,0,0,0,0,0
1389,ad_id_973,ad_set_043,22.95,0.0,0.00%,0.00%,0.00%,1.15,1088,0,0.00%,0.0,0.74,2.49,0,0,0,0,0
1390,ad_id_163,ad_set_102,26.99,0.0,0.00%,0.00%,0.00%,1.08,1656,0,0.00%,0.0,0.56,2.69,0,0,0,0,0
1391,ad_id_334,ad_set_116,21.03,0.0,0.00%,0.00%,0.00%,1.09,543,0,0.00%,0.0,1.05,3.37,0,0,0,0,0
1392,ad_id_349,ad_set_094,4.6,0.0,0.00%,0.00%,0.00%,1.14,398,0,0.00%,0.0,0.58,1.76,0,0,0,0,0
1393,ad_id_753,ad_set_037,4.68,0.0,0.00%,0.00%,0.00%,1.05,492,0,0.00%,0.0,0.78,1.16,0,0,0,0,0
1394,ad_id_1437,ad_set_003,4.61,0.0,0.00%,0.00%,0.00%,1.11,373,0,0.00%,0.0,0.58,1.93,0,0,0,0,0
1395,ad_id_970,ad_set_113,4.38,0.0,0.00%,0.00%,0.00%,1.05,349,0,0.00%,0.0,0.55,2.19,0,0,0,0,0
1396,ad_id_715,ad_set_072,4.38,0.0,0.00%,0.00%,0.00%,1.07,377,0,0.00%,0.0,0.37,2.99,0,0,0,0,0
1397,ad_id_745,ad_set_072,0.68,0.0,0.00%,0.00%,0.00%,1.02,48,0,0.00%,0.0,0.34,4.08,0,0,0,0,0
1398,ad_id_1101,ad_set_069,0.75,0.0,0.00%,0.00%,0.00%,1.0,131,0,0.00%,0.0,0.0,0.0,0,0,0,0,0
1399,ad_id_486,ad_set_017,0.27,0.0,0.00%,0.00%,0.00%,1.0,25,0,0.00%,0.0,0.0,0.0,0,0,0,0,0
1400,ad_id_1531,ad_set_087,0.23,0.0,0.00%,0.00%,0.00%,1.11,28,0,0.00%,0.0,0.0,0.0,0,0,0,0,0
1401,ad_id_588,ad_set_033,4.51,0.0,0.00%,0.00%,0.00%,1.01,556,0,0.00%,0.0,0.38,2.14,0,0,0,0,0
1402,ad_id_621,ad_set_047,4.27,0.0,0.00%,0.00%,0.00%,1.02,448,0,0.00%,0.0,0.71,1.31,0,0,0,0,0
1403,ad_id_426,ad_set_110,5.08,0.0,0.00%,0.00%,0.00%,1.05,102,0,0.00%,0.0,2.54,1.87,0,0,0,0,0
1404,ad_id_1096,ad_set_094,1.01,0.0,0.00%,0.00%,0.00%,1.0,14,0,0.00%,0.0,1.01,7.14,0,0,0,0,0
1405,ad_id_392,ad_set_038,0.05,0.0,0.00%,0.00%,0.00%,1.0,4,0,0.00%,0.0,0.0,0.0,0,0,0,0,0
1406,ad_id_780,ad_set_092,3.49,0.0,0.00%,0.00%,0.00%,1.01,77,0,0.00%,0.0,0.0,0.0,0,0,0,0,0
1407,ad_id_772,ad_set_095,0.0,0.0,0.00%,0.00%,0.00%,1.0,1,0,0.00%,0.0,0.0,0.0,0,0,0,0,0
1408,ad_id_84,ad_set_074,0.52,0.0,0.00%,0.00%,0.00%,1.0,8,0,0.00%,0.0,0.0,0.0,0,0,0,0,0
1409,ad_id_1288,ad_set_025,17.67,0.0,0.00%,0.00%,0.00%,1.03,1852,0,0.00%,0.0,0.61,1.52,0,0,0,0,0
1410,ad_id_591,ad_set_024,2.95,0.0,0.00%,0.00%,0.00%,1.03,226,0,0.00%,0.0,0.59,2.15,0,0,0,0,0
1411,ad_id_717,ad_set_104,6.63,0.0,0.00%,0.00%,0.00%,1.06,667,0,0.00%,0.0,0.66,1.42,0,0,0,0,0
1412,ad_id_940,ad_set_001,3.07,0.0,0.00%,0.00%,0.00%,1.04,290,0,0.00%,0.0,1.54,0.66,0,0,0,0,0
1413,ad_id_136,ad_set_090,1.86,0.0,0.00%,0.00%,0.00%,1.01,184,0,0.00%,0.0,0.62,1.61,0,0,0,0,0
1414,ad_id_90,ad_set_012,18.7,2.21,0.00%,0.00%,0.00%,1.06,2026,1,4.66%,18.7,0.35,2.52,0,0,0,0,0
1415,ad_id_81,ad_set_070,3.5,0.0,0.00%,0.00%,0.00%,1.02,346,0,0.00%,0.0,0.58,1.69,0,0,0,0,0
1416,ad_id_249,ad_set_045,17.47,0.0,0.00%,0.00%,0.00%,1.05,2014,0,0.00%,0.0,0.35,2.36,0,0,0,0,0
1417,ad_id_1423,ad_set_009,7.59,0.0,0.00%,0.00%,0.00%,1.04,817,0,0.00%,0.0,0.47,1.88,0,0,0,0,0
1418,ad_id_423,ad_set_067,1.73,0.0,0.00%,0.00%,0.00%,1.01,150,0,0.00%,0.0,0.87,1.32,0,0,0,0,0
1419,ad_id_623,ad_set_091,4.0,0.0,0.00%,0.00%,0.00%,1.0,57,0,0.00%,0.0,4.0,1.75,0,0,0,0,0
1420,ad_id_397,ad_set_007,1.4,0.0,0.00%,0.00%,0.00%,1.0,40,0,0.00%,0.0,0.47,7.5,0,0,0,0,0
1421,ad_id_1372,ad_set_043,0.54,0.0,0.00%,0.00%,0.00%,1.0,17,0,0.00%,0.0,0.0,0.0,0,0,0,0,0
1422,ad_id_595,ad_set_099,3.1,0.0,0.00%,0.00%,0.00%,1.0,61,0,0.00%,0.0,3.1,1.64,0,0,0,0,0
1423,ad_id_1029,ad_set_056,0.19,0.0,0.00%,0.00%,0.00%,1.0,5,0,0.00%,0.0,0.0,0.0,0,0,0,0,0
1424,ad_id_1106,ad_set_118,2.32,0.0,0.00%,0.00%,0.00%,1.0,34,0,0.00%,0.0,1.16,5.88,0,0,0,0,0
1425,ad_id_304,ad_set_036,3.51,0.0,0.00%,0.00%,0.00%,1.0,69,0,0.00%,0.0,3.51,1.45,0,0,0,0,0
1426,ad_id_908,ad_set_013,0.77,0.0,0.00%,0.00%,0.00%,1.0,24,0,0.00%,0.0,0.39,8.33,0,0,0,0,0
1427,ad_id_111,ad_set_057,2.13,0.0,0.00%,0.00%,0.00%,1.04,54,0,0.00%,0.0,0.53,7.14,0,0,0,0,0
1428,ad_id_517,ad_set_077,1.79,0.0,0.00%,0.00%,0.00%,1.02,54,0,0.00%,0.0,0.9,3.64,0,0,0,0,0
1429,ad_id_215,ad_set_073,108.58,0.94,45.54%,21.32%,9.71%,1.08,14860,3,1.87%,36.19,0.44,1.53,7297,5457,3038,1776,659
1430,ad_id_576,ad_set_051,43.57,0.0,42.11%,24.08%,10.14%,1.02,1267,0,0.00%,0.0,2.29,1.47,544,418,246,149,80
1431,ad_id_436,ad_set_094,3.49,0.0,79.41%,77.34%,61.42%,1.04,1958,1636,8000.00%,0.0,0.58,0.29,1624,1847,1686,1495,1249
1432,ad_id_1134,ad_set_003,3.39,0.0,65.31%,74.83%,48.87%,1.05,3678,2523,6561.77%,0.0,0.68,0.13,2511,3056,2627,2249,1876
1433,ad_id_770,ad_set_050,26.0,0.0,42.32%,65.15%,27.57%,1.05,3455,0,0.00%,0.0,0.41,1.76,1535,2339,1652,1290,993
1434,ad_id_275,ad_set_014,23.99,0.0,45.25%,68.59%,31.04%,1.0,2265,0,0.00%,0.0,0.8,1.32,1025,1610,1120,876,701
1435,ad_id_1294,ad_set_048,50.23,2.01,40.20%,64.29%,25.85%,1.02,5371,3,5.45%,16.74,0.59,1.54,2212,3597,2404,1840,1417
1436,ad_id_1407,ad_set_002,2.81,0.0,38.33%,6.90%,2.64%,1.01,225,0,0.00%,0.0,2.81,0.44,87,62,25,10,6
1437,ad_id_773,ad_set_025,3.6,0.0,36.33%,6.19%,2.25%,1.02,263,0,0.00%,0.0,1.8,0.75,97,77,18,12,6
1438,ad_id_1797,ad_set_106,3.65,0.0,42.65%,11.72%,5.00%,1.0,340,0,0.00%,0.0,1.83,0.59,145,108,28,22,17
1439,ad_id_610,ad_set_046,3.33,0.0,13.90%,21.74%,3.02%,1.0,330,0,0.00%,0.0,0.67,1.51,46,38,20,13,10
1440,ad_id_1161,ad_set_072,4.2,0.0,39.17%,10.64%,4.17%,1.01,355,0,0.00%,0.0,4.2,0.28,141,102,30,19,15
1441,ad_id_1788,ad_set_029,2.63,0.0,37.57%,12.68%,4.76%,1.01,187,0,0.00%,0.0,0.0,0.0,71,52,16,10,9
1442,ad_id_1616,ad_set_059,4.29,0.0,17.41%,20.00%,3.48%,1.0,316,0,0.00%,0.0,4.29,0.32,55,40,20,15,11
1443,ad_id_929,ad_set_110,2.41,0.0,14.10%,18.18%,2.56%,1.0,234,0,0.00%,0.0,0.0,0.0,33,27,14,10,6
1444,ad_id_1079,ad_set_052,1.37,0.0,14.57%,18.18%,2.65%,1.0,151,0,0.00%,0.0,0.69,1.32,22,16,12,7,4
1445,ad_id_1543,ad_set_031,1.11,0.0,15.38%,18.75%,2.88%,1.0,104,0,0.00%,0.0,1.11,0.96,16,12,5,4,3
1446,ad_id_1128,ad_set_001,0.44,0.0,38.64%,0.00%,0.00%,1.02,43,0,0.00%,0.0,0.0,0.0,17,12,3,0,0
1447,ad_id_768,ad_set_080,0.44,0.0,32.65%,18.75%,6.12%,1.0,49,0,0.00%,0.0,0.0,0.0,16,14,7,4,3
1448,ad_id_722,ad_set_083,1.04,0.0,45.45%,2.86%,1.30%,1.01,76,0,0.00%,0.0,0.0,0.0,35,27,4,1,1
1449,ad_id_777,ad_set_102,3.45,0.0,16.79%,21.74%,3.65%,1.0,274,0,0.00%,0.0,1.73,0.73,46,32,17,14,10
1450,ad_id_432,ad_set_002,2.05,0.0,41.28%,11.11%,4.59%,1.01,108,0,0.00%,0.0,0.0,0.0,45,36,13,8,4
1451,ad_id_559,ad_set_071,1.32,0.0,32.08%,0.00%,0.00%,1.0,106,0,0.00%,0.0,0.0,0.0,34,33,5,0,0
1452,ad_id_1145,ad_set_098,0.53,0.0,38.00%,21.05%,8.00%,1.0,50,0,0.00%,0.0,0.53,2.0,19,17,9,5,4
1453,ad_id_836,ad_set_033,3.38,0.0,40.27%,14.29%,5.75%,1.0,365,0,0.00%,0.0,1.69,0.55,147,120,38,25,21
1454,ad_id_968,ad_set_105,5.08,0.0,39.07%,9.78%,3.82%,1.01,468,0,0.00%,0.0,5.08,0.21,184,147,47,26,18
1455,ad_id_64,ad_set_113,4.89,0.0,37.72%,10.85%,4.09%,1.04,328,0,0.00%,0.0,4.89,0.29,129,100,27,16,14
1456,ad_id_637,ad_set_063,5.02,0.0,38.07%,8.00%,3.05%,1.01,196,0,0.00%,0.0,5.02,0.51,75,56,14,7,6
1457,ad_id_384,ad_set_020,3.53,0.0,14.65%,24.14%,3.54%,1.01,196,0,0.00%,0.0,1.77,1.01,29,24,11,7,7
1458,ad_id_1162,ad_set_023,1.25,0.0,17.93%,7.69%,1.38%,1.0,145,0,0.00%,0.0,1.25,0.69,26,12,5,2,2
1459,ad_id_1413,ad_set_064,2.61,0.0,15.46%,6.67%,1.03%,1.01,192,0,0.00%,0.0,2.61,0.52,30,15,5,2,2
1460,ad_id_1579,ad_set_059,1.2,0.0,52.73%,13.79%,7.27%,1.0,55,0,0.00%,0.0,1.2,1.82,29,21,9,4,4
1461,ad_id_1118,ad_set_083,0.6,0.0,42.86%,11.11%,4.76%,1.0,42,0,0.00%,0.0,0.0,0.0,18,16,6,4,2
1462,ad_id_1751,ad_set_043,1.03,0.0,39.76%,12.12%,4.82%,1.0,83,0,0.00%,0.0,0.0,0.0,33,26,12,7,4
1463,ad_id_1020,ad_set_071,3.09,0.0,20.73%,19.30%,4.00%,1.0,275,0,0.00%,0.0,3.09,0.36,57,35,16,12,11
1464,ad_id_172,ad_set_017,3.35,0.0,44.00%,15.45%,6.80%,1.0,249,0,0.00%,0.0,1.12,1.2,110,80,27,18,17
1465,ad_id_730,ad_set_051,0.87,0.0,40.30%,7.41%,2.99%,1.02,66,0,0.00%,0.0,0.0,0.0,27,23,9,3,2
1466,ad_id_411,ad_set_056,11.56,0.0,34.42%,8.90%,3.06%,1.05,1558,0,0.00%,0.0,0.83,0.86,562,202,74,31,15
1467,ad_id_245,ad_set_031,7.2,0.0,34.63%,14.32%,4.96%,1.01,1194,0,0.00%,0.0,0.8,0.74,419,156,77,45,22
1468,ad_id_1203,ad_set_071,9.62,0.0,36.44%,6.53%,2.38%,1.02,1448,0,0.00%,0.0,1.37,0.48,536,168,57,19,11
1469,ad_id_157,ad_set_120,14.82,0.0,35.24%,12.50%,4.41%,1.05,2225,0,0.00%,0.0,1.14,0.56,824,300,137,76,31
1470,ad_id_921,ad_set_078,0.69,0.0,28.69%,14.29%,4.10%,1.04,117,0,0.00%,0.0,0.0,0.0,35,14,6,2,0
1471,ad_id_472,ad_set_098,8.32,0.0,36.31%,6.75%,2.45%,1.02,1366,0,0.00%,0.0,1.19,0.5,504,152,53,23,11
1472,ad_id_1273,ad_set_038,0.9,0.0,19.44%,14.29%,2.78%,1.02,106,0,0.00%,0.0,0.0,0.0,21,8,5,1,1
1473,ad_id_1689,ad_set_023,1.28,0.0,26.09%,11.90%,3.11%,1.03,156,0,0.00%,0.0,1.28,0.62,42,16,10,3,2
1474,ad_id_1544,ad_set_080,5.97,0.0,36.58%,10.08%,3.69%,1.01,963,0,0.00%,0.0,1.49,0.41,357,137,48,28,13
1475,ad_id_107,ad_set_106,0.8,0.0,30.41%,11.54%,3.51%,1.03,166,0,0.00%,0.0,0.0,0.0,52,20,12,5,4
1476,ad_id_889,ad_set_092,7.08,0.0,35.10%,13.25%,4.65%,1.05,1048,0,0.00%,0.0,1.01,0.64,385,133,63,33,16
1477,ad_id_1489,ad_set_051,10.09,4.05,36.06%,10.17%,3.67%,1.05,1565,1,6.11%,10.09,0.63,0.98,590,195,77,43,23
1478,ad_id_1022,ad_set_094,6.06,0.0,23.49%,17.47%,4.10%,1.02,1216,0,0.00%,0.0,0.61,0.8,292,134,66,36,12
1479,ad_id_586,ad_set_092,0.13,0.0,23.53%,8.33%,1.96%,1.06,48,0,0.00%,0.0,0.0,0.0,12,6,1,0,0
1480,ad_id_191,ad_set_010,8.2,0.0,38.35%,10.86%,4.17%,1.0,1176,0,0.00%,0.0,0.82,0.85,451,148,73,42,25
1481,ad_id_286,ad_set_020,0.87,0.0,24.14%,20.00%,4.83%,1.04,139,0,0.00%,0.0,0.87,0.69,35,12,8,5,2
1482,ad_id_1255,ad_set_054,0.19,0.0,13.98%,15.38%,2.15%,1.02,91,0,0.00%,0.0,0.0,0.0,13,4,2,1,0
1483,ad_id_1168,ad_set_036,11.27,0.0,37.07%,8.90%,3.30%,1.04,1606,0,0.00%,0.0,1.41,0.48,618,200,82,38,21
1484,ad_id_1026,ad_set_095,9.12,0.0,38.12%,9.32%,3.55%,1.0,1351,0,0.00%,0.0,1.3,0.52,515,161,69,32,14
1485,ad_id_625,ad_set_016,1.45,0.0,25.35%,10.91%,2.76%,1.01,214,0,0.00%,0.0,1.45,0.46,55,17,8,4,2
1486,ad_id_867,ad_set_071,8.11,0.0,36.98%,11.70%,4.33%,1.03,1231,0,0.00%,0.0,0.9,0.71,470,176,77,43,21
1487,ad_id_203,ad_set_029,15.7,0.0,36.27%,12.40%,4.50%,1.06,2014,0,0.00%,0.0,0.92,0.8,774,285,136,68,25
1488,ad_id_420,ad_set_031,6.14,0.0,20.86%,14.88%,3.10%,1.02,1578,0,0.00%,0.0,1.02,0.37,336,146,67,29,16
1489,ad_id_283,ad_set_069,1.74,0.0,27.54%,9.21%,2.54%,1.01,273,0,0.00%,0.0,0.87,0.72,76,21,11,6,3
1490,ad_id_1152,ad_set_018,0.51,0.0,21.10%,17.39%,3.67%,1.02,107,0,0.00%,0.0,0.51,0.92,23,10,6,3,3
1491,ad_id_764,ad_set_084,1.72,23.61,25.08%,17.50%,4.39%,1.07,298,1,31.35%,1.72,0.57,0.94,80,36,19,8,4
1492,ad_id_194,ad_set_007,5.6,0.0,34.83%,10.04%,3.50%,1.02,785,0,0.00%,0.0,0.62,1.12,279,97,39,18,8
1493,ad_id_1771,ad_set_053,4.06,0.0,21.91%,16.59%,3.63%,1.05,965,0,0.00%,0.0,0.41,0.98,223,89,48,27,13
1494,ad_id_1115,ad_set_076,9.63,0.0,36.88%,10.06%,3.71%,1.03,1392,0,0.00%,0.0,0.74,0.91,527,171,73,36,24
1495,ad_id_619,ad_set_095,2.11,0.0,29.41%,11.76%,3.46%,1.05,275,0,0.00%,0.0,2.11,0.35,85,30,11,6,3
1496,ad_id_1172,ad_set_010,7.63,0.0,34.86%,16.04%,5.59%,1.02,1053,0,0.00%,0.0,0.69,1.03,374,144,77,45,27
1497,ad_id_845,ad_set_073,15.7,0.0,38.51%,9.30%,3.58%,1.03,2587,0,0.00%,0.0,0.92,0.64,1022,360,142,61,36
1498,ad_id_932,ad_set_080,9.38,0.0,36.33%,11.26%,4.09%,1.01,1234,0,0.00%,0.0,2.35,0.32,453,146,66,37,18
1499,ad_id_223,ad_set_087,7.09,0.0,38.46%,13.58%,5.22%,1.02,1036,0,0.00%,0.0,0.71,0.95,405,135,70,36,17
1500,ad_id_77,ad_set_049,3.84,0.0,25.53%,10.79%,2.76%,1.05,1177,0,0.00%,0.0,0.55,0.57,315,112,53,26,13
1501,ad_id_400,ad_set_099,1.66,0.0,29.03%,13.58%,3.94%,1.03,271,0,0.00%,0.0,0.83,0.72,81,37,17,9,6
1502,ad_id_11,ad_set_062,1.68,0.0,26.67%,16.18%,4.31%,1.02,250,0,0.00%,0.0,0.84,0.78,68,25,14,8,3
1503,ad_id_17,ad_set_082,8.9,4.61,37.31%,10.26%,3.83%,1.03,1324,1,7.36%,8.9,0.89,0.74,507,189,84,35,22
1504,ad_id_611,ad_set_070,0.66,0.0,18.42%,17.86%,3.29%,1.03,148,0,0.00%,0.0,0.66,0.66,28,12,6,2,2
1505,ad_id_616,ad_set_070,1.27,0.0,27.98%,8.51%,2.38%,1.08,156,0,0.00%,0.0,1.27,0.6,47,21,6,3,0
1506,ad_id_1218,ad_set_005,2.69,0.0,0.00%,0.00%,0.00%,1.08,343,0,0.00%,0.0,1.35,0.54,0,0,0,0,0
1507,ad_id_1673,ad_set_085,2.15,0.0,0.00%,0.00%,0.00%,1.18,409,0,0.00%,0.0,0.43,1.04,0,0,0,0,0
1508,ad_id_765,ad_set_120,3.04,0.0,0.00%,0.00%,0.00%,1.19,494,0,0.00%,0.0,0.0,0.0,0,0,0,0,0
1509,ad_id_1117,ad_set_049,4.05,0.0,0.00%,0.00%,0.00%,1.16,425,0,0.00%,0.0,4.05,0.2,0,0,0,0,0
1510,ad_id_1011,ad_set_018,4.45,0.0,0.00%,0.00%,0.00%,1.17,485,0,0.00%,0.0,4.45,0.18,0,0,0,0,0
1511,ad_id_433,ad_set_105,3.59,0.0,0.00%,0.00%,0.00%,1.09,396,0,0.00%,0.0,0.0,0.0,0,0,0,0,0
1512,ad_id_673,ad_set_006,3.09,0.0,0.00%,0.00%,0.00%,1.13,511,0,0.00%,0.0,0.77,0.69,0,0,0,0,0
1513,ad_id_362,ad_set_025,1.68,0.0,0.00%,0.00%,0.00%,1.08,211,0,0.00%,0.0,0.84,0.88,0,0,0,0,0
1514,ad_id_705,ad_set_110,3.1,0.0,0.00%,0.00%,0.00%,1.17,413,0,0.00%,0.0,0.78,0.83,0,0,0,0,0
1515,ad_id_1631,ad_set_038,1.62,0.0,0.00%,0.00%,0.00%,1.14,257,0,0.00%,0.0,0.54,1.03,0,0,0,0,0
1516,ad_id_731,ad_set_035,2.3,0.0,0.00%,0.00%,0.00%,1.06,286,0,0.00%,0.0,0.58,1.32,0,0,0,0,0
1517,ad_id_798,ad_set_093,1.7,0.0,0.00%,0.00%,0.00%,1.11,271,0,0.00%,0.0,0.85,0.67,0,0,0,0,0
1518,ad_id_692,ad_set_028,1.25,0.0,0.00%,0.00%,0.00%,1.14,195,0,0.00%,0.0,0.0,0.0,0,0,0,0,0
1519,ad_id_1062,ad_set_044,1.95,0.0,0.00%,0.00%,0.00%,1.11,281,0,0.00%,0.0,0.0,0.0,0,0,0,0,0
1520,ad_id_1435,ad_set_002,1.27,0.0,0.00%,0.00%,0.00%,1.06,216,0,0.00%,0.0,0.64,0.87,0,0,0,0,0
1521,ad_id_1123,ad_set_109,1.34,0.0,0.00%,0.00%,0.00%,1.09,226,0,0.00%,0.0,0.0,0.0,0,0,0,0,0
1522,ad_id_183,ad_set_044,2.72,0.0,0.00%,0.00%,0.00%,1.19,461,0,0.00%,0.0,0.54,0.91,0,0,0,0,0
1523,ad_id_129,ad_set_098,1.75,0.0,0.00%,0.00%,0.00%,1.1,224,0,0.00%,0.0,0.88,0.81,0,0,0,0,0
1524,ad_id_269,ad_set_043,2.97,0.0,0.00%,0.00%,0.00%,1.1,367,0,0.00%,0.0,0.99,0.74,0,0,0,0,0
1525,ad_id_1670,ad_set_073,1.88,0.0,0.00%,0.00%,0.00%,1.05,214,0,0.00%,0.0,0.63,1.33,0,0,0,0,0
1526,ad_id_1037,ad_set_019,9.98,0.0,0.00%,0.00%,0.00%,1.22,5825,583,822.75%,0.02,2.5,0.06,0,0,0,0,0
1527,ad_id_1307,ad_set_098,9.93,0.0,0.00%,0.00%,0.00%,1.18,3889,389,844.18%,0.03,9.93,0.02,0,0,0,0,0
1528,ad_id_575,ad_set_021,0.57,0.0,43.78%,18.63%,8.15%,1.0,466,0,0.00%,0.0,0.11,1.07,204,161,95,46,10
1529,ad_id_72,ad_set_033,0.52,0.0,45.35%,9.27%,4.20%,1.01,329,0,0.00%,0.0,0.09,1.8,151,117,55,25,9
1530,ad_id_723,ad_set_019,0.69,0.0,46.35%,12.18%,5.65%,1.0,423,0,0.00%,0.0,0.23,0.71,197,149,76,31,12
1531,ad_id_1052,ad_set_001,1.62,0.0,42.51%,19.32%,8.21%,1.04,600,0,0.00%,0.0,0.32,0.81,264,92,53,23,10
1532,ad_id_1315,ad_set_090,0.17,0.0,30.16%,10.53%,3.17%,1.0,63,0,0.00%,0.0,0.0,0.0,19,4,1,1,1
1533,ad_id_140,ad_set_045,0.05,0.0,40.30%,7.41%,2.99%,1.0,67,0,0.00%,0.0,0.0,0.0,27,16,5,2,0
1534,ad_id_1596,ad_set_023,6.53,0.0,42.04%,16.85%,7.08%,1.01,3870,0,0.00%,0.0,0.09,1.82,1638,1306,672,359,109
1535,ad_id_1346,ad_set_025,8.54,0.0,41.63%,15.22%,6.34%,1.05,6228,0,0.00%,0.0,0.07,1.87,2733,2190,1161,574,141
1536,ad_id_934,ad_set_102,12.87,0.0,38.79%,16.59%,6.43%,1.06,9720,0,0.00%,0.0,0.07,1.81,3991,3163,1711,892,241
1537,ad_id_736,ad_set_052,3.85,0.0,45.15%,25.04%,11.30%,1.06,1414,0,0.00%,0.0,0.11,2.33,679,291,171,99,53
1538,ad_id_1095,ad_set_049,1.98,0.0,40.81%,24.18%,9.87%,1.07,834,0,0.00%,0.0,0.12,1.79,364,144,93,45,26
1539,ad_id_685,ad_set_004,9.93,0.0,46.48%,15.30%,7.11%,1.04,5936,0,0.00%,0.0,0.08,1.92,2856,2293,1208,586,154
1540,ad_id_1669,ad_set_043,5.91,5.3,33.85%,25.03%,8.47%,1.09,2171,1,4.22%,5.91,0.16,1.52,803,322,211,109,56
1541,ad_id_1643,ad_set_067,12.3,2.48,36.94%,16.26%,6.01%,1.04,8901,1,1.08%,12.3,0.08,1.62,3425,2700,1457,730,197
1542,ad_id_1377,ad_set_049,45.7,1.33,49.18%,17.10%,8.41%,1.02,22613,2,0.86%,22.85,0.11,1.88,11399,9168,4990,2555,645
1543,ad_id_1127,ad_set_090,2.98,0.0,43.08%,28.57%,12.31%,1.01,129,0,0.00%,0.0,2.98,0.77,56,30,20,7,5
1544,ad_id_1436,ad_set_049,99.16,1.21,35.02%,20.36%,7.13%,1.01,5204,3,5.72%,33.05,1.15,1.64,1837,1367,743,424,160
1545,ad_id_895,ad_set_098,9.33,0.0,47.36%,34.79%,16.48%,1.01,959,0,0.00%,0.0,0.27,3.52,457,286,188,159,131
1546,ad_id_262,ad_set_066,0.01,0.0,0.00%,0.00%,0.00%,1.0,2,0,0.00%,0.0,0.0,0.0,0,0,0,0,0
1547,ad_id_61,ad_set_090,0.04,0.0,66.67%,50.00%,33.33%,1.0,3,0,0.00%,0.0,0.04,33.33,2,2,1,1,0
1548,ad_id_135,ad_set_037,9.07,0.0,43.96%,37.50%,16.48%,1.0,910,0,0.00%,0.0,0.22,4.51,400,254,171,151,133
1549,ad_id_242,ad_set_097,0.1,0.0,0.00%,0.00%,0.00%,1.0,1,0,0.00%,0.0,0.0,0.0,0,0,0,0,0
1550,ad_id_227,ad_set_051,0.09,0.0,0.00%,0.00%,0.00%,1.0,1,0,0.00%,0.0,0.0,0.0,0,0,0,0,0
1551,ad_id_1515,ad_set_102,9.06,0.0,45.50%,35.23%,16.03%,1.03,936,0,0.00%,0.0,0.26,3.62,440,286,185,158,134
1552,ad_id_1619,ad_set_013,0.04,0.0,100.00%,50.00%,50.00%,1.0,2,0,0.00%,0.0,0.0,0.0,2,1,1,1,0
1553,ad_id_515,ad_set_010,2.75,0.0,41.88%,31.25%,13.09%,1.02,188,0,0.00%,0.0,0.0,0.0,80,46,25,20,12
1554,ad_id_71,ad_set_056,0.46,0.0,39.66%,73.91%,29.31%,1.02,57,0,0.00%,0.0,0.46,1.72,23,19,18,16,5
1555,ad_id_660,ad_set_070,55.91,0.36,43.94%,31.27%,13.74%,1.03,6517,1,1.49%,55.91,0.28,3.0,2958,1853,1124,934,794
1556,ad_id_1573,ad_set_007,9.1,0.0,20.34%,25.21%,5.13%,1.05,1112,0,0.00%,0.0,0.83,0.94,238,220,132,104,60
1557,ad_id_1381,ad_set_022,0.97,0.0,24.49%,16.67%,4.08%,1.02,48,0,0.00%,0.0,0.0,0.0,12,10,6,5,2
1558,ad_id_1122,ad_set_037,14.8,0.0,37.68%,19.48%,7.34%,1.0,2574,0,0.00%,0.0,0.44,1.32,970,857,485,269,188
1559,ad_id_41,ad_set_031,29.11,1.4,38.61%,19.80%,7.64%,1.01,5479,2,3.62%,14.56,0.32,1.67,2131,1879,1118,626,425
1560,ad_id_27,ad_set_097,1.42,0.0,52.63%,10.00%,5.26%,1.02,131,0,0.00%,0.0,0.71,1.5,70,63,36,12,7
1561,ad_id_1476,ad_set_053,37.61,1.07,38.63%,20.98%,8.11%,1.04,6858,2,2.80%,18.81,0.35,1.51,2755,2470,1511,832,579
1562,ad_id_534,ad_set_060,11.14,0.0,38.15%,18.23%,6.95%,1.02,1454,0,0.00%,0.0,0.53,1.42,565,505,299,160,102
1563,ad_id_1678,ad_set_020,29.35,0.69,38.81%,20.36%,7.90%,1.02,5569,1,1.76%,29.35,0.32,1.61,2200,1963,1223,666,448
1564,ad_id_1074,ad_set_028,29.6,1.4,39.58%,21.23%,8.41%,1.0,5568,2,3.59%,14.8,0.39,1.36,2204,1989,1243,666,467
1565,ad_id_1387,ad_set_002,10.7,0.0,41.40%,37.05%,15.34%,1.04,982,0,0.00%,0.0,3.57,0.29,421,448,270,193,153
1566,ad_id_855,ad_set_067,9.09,0.0,45.40%,35.19%,15.98%,1.0,989,0,0.00%,0.0,9.09,0.1,449,478,303,211,158
1567,ad_id_345,ad_set_001,10.3,0.0,41.08%,35.63%,14.64%,1.05,1011,0,0.00%,0.0,1.72,0.57,435,463,286,205,152
1568,ad_id_443,ad_set_093,8.87,0.0,43.81%,33.55%,14.70%,1.0,1074,0,0.00%,0.0,1.48,0.56,471,498,316,222,159
1569,ad_id_1759,ad_set_087,10.93,3.25,43.36%,36.52%,15.83%,1.04,901,1,10.63%,10.93,0.91,1.28,408,432,267,193,149
1570,ad_id_958,ad_set_093,20.1,0.0,41.55%,36.51%,15.17%,1.01,1897,0,0.00%,0.0,1.44,0.73,797,844,527,385,289
1571,ad_id_1047,ad_set_050,9.94,0.0,42.94%,36.36%,15.62%,1.03,974,0,0.00%,0.0,1.1,0.9,429,452,293,211,157
1572,ad_id_1338,ad_set_086,9.68,0.0,44.35%,36.59%,16.22%,1.0,1016,0,0.00%,0.0,1.94,0.49,451,484,275,206,164
1573,ad_id_699,ad_set_029,0.27,0.0,35.71%,33.33%,11.90%,1.0,42,0,0.00%,0.0,0.0,0.0,15,15,10,5,5
1574,ad_id_1697,ad_set_065,0.51,0.0,37.50%,25.00%,9.38%,1.0,32,0,0.00%,0.0,0.0,0.0,12,9,4,4,3
1575,ad_id_1395,ad_set_068,0.2,0.0,10.53%,0.00%,0.00%,1.06,18,0,0.00%,0.0,0.0,0.0,2,2,0,0,0
1576,ad_id_1428,ad_set_092,0.51,0.0,33.33%,33.33%,11.11%,1.0,54,0,0.00%,0.0,0.0,0.0,18,15,9,8,6
1577,ad_id_485,ad_set_092,0.42,0.0,25.00%,53.85%,13.46%,1.04,50,0,0.00%,0.0,0.42,1.92,13,13,8,7,7
1578,ad_id_513,ad_set_018,0.86,0.0,39.13%,29.63%,11.59%,1.03,67,0,0.00%,0.0,0.86,1.45,27,25,15,11,8
1579,ad_id_1567,ad_set_114,0.38,0.0,34.09%,20.00%,6.82%,1.02,43,0,0.00%,0.0,0.0,0.0,15,15,4,3,3
1580,ad_id_923,ad_set_037,0.5,0.0,24.59%,26.67%,6.56%,1.03,59,0,0.00%,0.0,0.0,0.0,15,12,6,6,4
1581,ad_id_1742,ad_set_078,0.49,0.0,23.68%,44.44%,10.53%,1.09,35,0,0.00%,0.0,0.0,0.0,9,8,6,6,3
1582,ad_id_80,ad_set_011,20.35,1.0,40.73%,36.17%,14.73%,1.04,1974,1,4.88%,20.35,1.85,0.54,835,883,543,389,298
1583,ad_id_372,ad_set_022,9.78,0.0,41.99%,34.74%,14.59%,1.0,1183,0,0.00%,0.0,1.96,0.42,498,526,320,217,174
1584,ad_id_668,ad_set_021,36.74,3.31,40.38%,19.61%,7.92%,1.05,6799,4,5.62%,9.19,0.38,1.35,2876,2587,1550,806,563
1585,ad_id_989,ad_set_003,0.57,0.0,26.15%,11.76%,3.08%,1.0,65,0,0.00%,0.0,0.29,3.08,17,17,12,11,2
1586,ad_id_1296,ad_set_016,12.06,0.0,41.40%,35.69%,14.77%,1.01,1184,0,0.00%,0.0,1.51,0.67,496,531,321,227,177
1587,ad_id_568,ad_set_002,1.25,0.0,32.47%,28.00%,9.09%,1.03,75,0,0.00%,0.0,0.31,5.19,25,12,7,5,4
1588,ad_id_558,ad_set_080,0.79,0.0,36.47%,22.58%,8.24%,1.08,79,0,0.00%,0.0,0.0,0.0,31,16,8,5,4
1589,ad_id_388,ad_set_037,0.92,0.0,31.30%,25.00%,7.83%,1.04,111,0,0.00%,0.0,0.23,3.48,36,16,9,5,4
1590,ad_id_18,ad_set_086,1.42,0.0,45.59%,22.58%,10.29%,1.03,66,0,0.00%,0.0,0.71,2.94,31,18,9,5,4
1591,ad_id_654,ad_set_072,2.94,0.0,38.71%,21.67%,8.39%,1.02,152,0,0.00%,0.0,0.98,1.94,60,28,13,11,5
1592,ad_id_1585,ad_set_109,1.2,0.0,43.28%,31.03%,13.43%,1.0,67,0,0.00%,0.0,0.4,4.48,29,17,10,6,5
1593,ad_id_1192,ad_set_021,3.71,0.0,30.92%,18.18%,5.62%,1.03,242,0,0.00%,0.0,0.62,2.41,77,57,39,21,10
1594,ad_id_1486,ad_set_119,2.4,0.0,38.61%,39.34%,15.19%,1.03,153,0,0.00%,0.0,1.2,1.27,61,41,25,17,10
1595,ad_id_297,ad_set_096,1.73,0.0,37.11%,36.11%,13.40%,1.02,95,0,0.00%,0.0,0.58,3.09,36,23,14,9,6
1596,ad_id_346,ad_set_105,1.7,0.0,40.59%,29.27%,11.88%,1.06,95,0,0.00%,0.0,0.85,1.98,41,22,13,9,4
1597,ad_id_463,ad_set_028,5.0,0.0,30.24%,13.64%,4.12%,1.0,291,0,0.00%,0.0,1.67,1.03,88,64,31,20,9
1598,ad_id_1785,ad_set_118,4.44,0.0,39.08%,23.42%,9.15%,1.04,273,0,0.00%,0.0,0.49,3.17,111,86,48,32,20
1599,ad_id_381,ad_set_010,4.88,0.0,31.15%,21.05%,6.56%,1.03,296,0,0.00%,0.0,0.49,3.28,95,77,37,26,11
1600,ad_id_577,ad_set_063,3.94,0.0,34.16%,13.04%,4.46%,1.03,196,0,0.00%,0.0,0.99,1.98,69,54,27,16,4
1601,ad_id_1721,ad_set_006,4.19,0.0,41.05%,14.89%,6.11%,1.01,227,0,0.00%,0.0,0.52,3.49,94,69,43,19,11
1602,ad_id_620,ad_set_113,4.35,0.0,38.91%,15.63%,6.08%,1.02,322,0,0.00%,0.0,0.73,1.82,128,86,51,29,12
1603,ad_id_1774,ad_set_102,5.38,0.0,32.50%,20.19%,6.56%,1.01,317,0,0.00%,0.0,0.77,2.19,104,76,52,34,12
1604,ad_id_859,ad_set_083,3.98,0.0,42.33%,28.75%,12.17%,1.01,188,0,0.00%,0.0,1.33,1.59,80,45,23,13,8
1605,ad_id_219,ad_set_021,4.91,0.0,47.11%,21.70%,10.22%,1.03,218,0,0.00%,0.0,2.46,0.89,106,44,23,14,7
1606,ad_id_1702,ad_set_072,3.77,0.0,47.31%,30.68%,14.52%,1.03,181,0,0.00%,0.0,3.77,0.54,88,46,26,17,14
1607,ad_id_237,ad_set_080,4.53,0.0,38.07%,20.00%,7.61%,1.03,191,0,0.00%,0.0,1.13,2.03,75,28,13,6,3
1608,ad_id_834,ad_set_022,3.53,0.0,46.99%,29.49%,13.86%,1.01,165,0,0.00%,0.0,1.77,1.2,78,35,21,15,10
1609,ad_id_719,ad_set_007,2.85,0.0,39.33%,27.12%,10.67%,1.01,148,0,0.00%,0.0,2.85,0.67,59,30,14,10,8
1610,ad_id_933,ad_set_028,3.72,0.0,40.35%,26.09%,10.53%,1.01,170,0,0.00%,0.0,0.93,2.34,69,34,18,11,7
1611,ad_id_1514,ad_set_103,3.28,0.0,45.61%,17.95%,8.19%,1.01,169,0,0.00%,0.0,1.09,1.75,78,35,11,9,8
1612,ad_id_1388,ad_set_066,2.93,0.0,45.03%,22.08%,9.94%,1.01,169,0,0.00%,0.0,0.59,2.92,77,44,16,10,6
1613,ad_id_510,ad_set_087,3.16,0.0,35.67%,8.93%,3.18%,1.02,154,0,0.00%,0.0,0.0,0.0,56,38,26,14,4
1614,ad_id_476,ad_set_007,4.04,0.0,41.92%,22.89%,9.60%,1.01,197,0,0.00%,0.0,0.81,2.53,83,37,19,15,13
1615,ad_id_697,ad_set_084,3.32,0.0,39.17%,8.24%,3.23%,1.01,214,0,0.00%,0.0,1.66,0.92,85,61,25,15,5
1616,ad_id_31,ad_set_114,1.76,0.0,34.25%,36.00%,12.33%,1.01,72,0,0.00%,0.0,1.76,1.37,25,12,9,7,5
1617,ad_id_518,ad_set_093,2.03,0.0,51.92%,22.22%,11.54%,1.08,48,0,0.00%,0.0,0.0,0.0,27,19,6,3,3
1618,ad_id_465,ad_set_029,0.72,0.0,55.56%,26.67%,14.81%,1.13,24,0,0.00%,0.0,0.72,3.7,15,10,4,2,1
1619,ad_id_936,ad_set_086,37.14,1.11,35.99%,30.06%,10.82%,1.04,1382,1,6.93%,37.14,1.86,1.39,519,275,158,92,42
1620,ad_id_1380,ad_set_063,2.33,0.0,55.00%,22.73%,12.50%,1.05,38,0,0.00%,0.0,0.0,0.0,22,13,5,3,2
1621,ad_id_1465,ad_set_093,14.34,0.0,24.50%,21.62%,5.30%,1.03,878,0,0.00%,0.0,1.1,1.43,222,137,68,44,27
1622,ad_id_1445,ad_set_006,14.26,2.8,26.78%,22.11%,5.92%,1.01,734,1,13.46%,14.26,1.1,1.75,199,121,60,43,29
1623,ad_id_511,ad_set_036,0.51,0.0,14.29%,33.33%,4.76%,1.01,83,0,0.00%,0.0,0.0,0.0,12,7,4,3,1
1624,ad_id_1341,ad_set_019,1.34,0.0,18.25%,30.43%,5.56%,1.02,123,0,0.00%,0.0,0.45,2.38,23,17,11,6,4
1625,ad_id_1422,ad_set_060,1.05,0.0,22.33%,26.09%,5.83%,1.04,99,0,0.00%,0.0,0.0,0.0,23,15,11,5,5
1626,ad_id_1044,ad_set_054,1.36,0.0,18.81%,31.58%,5.94%,1.02,99,0,0.00%,0.0,0.68,1.98,19,14,6,6,5
1627,ad_id_1137,ad_set_027,1.69,0.0,15.65%,26.09%,4.08%,1.04,141,0,0.00%,0.0,0.42,2.72,23,17,9,4,2
1628,ad_id_1107,ad_set_062,1.75,0.0,12.50%,25.00%,3.13%,1.02,125,0,0.00%,0.0,1.75,0.78,16,14,6,4,2
1629,ad_id_1034,ad_set_038,6.95,0.0,21.13%,18.10%,3.82%,1.02,486,0,0.00%,0.0,2.32,0.6,105,67,30,19,10
1630,ad_id_109,ad_set_033,0.93,0.0,16.41%,14.29%,2.34%,1.01,127,0,0.00%,0.0,0.93,0.78,21,11,6,3,3
1631,ad_id_1177,ad_set_007,0.87,0.0,19.17%,34.78%,6.67%,1.01,119,0,0.00%,0.0,0.44,1.67,23,12,8,8,5
1632,ad_id_1583,ad_set_037,1.53,0.0,21.32%,27.59%,5.88%,1.05,130,0,0.00%,0.0,1.53,0.74,29,17,13,7,5
1633,ad_id_667,ad_set_047,4.08,0.0,15.31%,24.24%,3.71%,1.02,424,0,0.00%,0.0,1.36,0.7,66,38,21,15,6
1634,ad_id_1190,ad_set_055,1.04,0.0,15.79%,33.33%,5.26%,1.02,130,0,0.00%,0.0,0.0,0.0,21,17,11,7,7
1635,ad_id_1270,ad_set_080,0.91,0.0,24.19%,6.67%,1.61%,1.02,61,0,0.00%,0.0,0.0,0.0,15,10,4,2,1
1636,ad_id_700,ad_set_098,1.28,0.0,18.33%,22.73%,4.17%,1.01,119,0,0.00%,0.0,0.0,0.0,22,9,8,4,3
1637,ad_id_399,ad_set_019,4.63,0.0,16.86%,22.97%,3.87%,1.07,409,0,0.00%,0.0,1.54,0.68,74,49,23,16,7
1638,ad_id_1025,ad_set_049,1.12,0.0,16.42%,31.82%,5.22%,1.04,129,0,0.00%,0.0,1.12,0.75,22,14,9,6,4
1639,ad_id_647,ad_set_090,1.16,0.0,18.60%,37.50%,6.98%,1.05,123,0,0.00%,0.0,0.23,3.88,24,20,9,9,8
1640,ad_id_1004,ad_set_005,0.83,0.0,12.39%,21.43%,2.65%,1.04,109,0,0.00%,0.0,0.0,0.0,14,7,5,3,2
1641,ad_id_1278,ad_set_028,6.9,0.0,21.32%,32.74%,6.98%,1.01,526,0,0.00%,0.0,0.77,1.7,113,72,41,35,23
1642,ad_id_1289,ad_set_111,6.33,0.0,18.99%,20.00%,3.80%,1.02,540,0,0.00%,0.0,0.79,1.45,105,62,30,19,11
1643,ad_id_344,ad_set_023,15.36,0.0,23.43%,20.69%,4.85%,1.0,990,0,0.00%,0.0,1.18,1.31,232,144,74,48,29
1644,ad_id_1070,ad_set_107,16.86,0.0,21.56%,21.81%,4.70%,1.06,819,0,0.00%,0.0,1.05,1.83,188,117,61,38,29
1645,ad_id_1473,ad_set_106,1.41,0.0,13.97%,15.79%,2.21%,1.01,135,0,0.00%,0.0,1.41,0.74,19,15,6,3,1
1646,ad_id_1233,ad_set_112,6.26,0.0,22.17%,21.48%,4.76%,1.0,608,0,0.00%,0.0,0.57,1.81,135,83,42,27,18
1647,ad_id_210,ad_set_013,1.55,0.0,17.32%,13.64%,2.36%,1.02,124,0,0.00%,0.0,0.0,0.0,22,10,5,3,1
1648,ad_id_1167,ad_set_031,0.83,0.0,15.52%,27.78%,4.31%,1.08,107,0,0.00%,0.0,0.83,0.86,18,10,6,6,1
1649,ad_id_1588,ad_set_050,6.49,0.0,19.20%,28.23%,5.42%,1.02,635,0,0.00%,0.0,0.93,1.08,124,81,53,31,20
1650,ad_id_1215,ad_set_106,16.48,0.0,56.32%,65.68%,36.99%,1.03,14551,8565,5728.71%,0.0,0.12,0.88,8420,7227,6050,5249,258
1651,ad_id_562,ad_set_020,16.58,0.0,66.34%,72.48%,48.08%,1.07,11091,7997,6733.18%,0.0,0.14,0.98,7879,7036,6120,5296,103
1652,ad_id_920,ad_set_053,36.93,0.0,60.09%,66.15%,39.75%,1.12,26799,18351,6106.01%,0.0,0.13,0.92,18060,15463,13127,11336,543
1653,ad_id_1469,ad_set_058,36.91,0.0,54.23%,55.00%,29.82%,1.2,32201,21109,5485.42%,0.0,0.17,0.58,20868,16914,13189,11055,1376
1654,ad_id_701,ad_set_018,37.05,0.0,38.78%,32.85%,12.74%,1.14,56239,25309,3938.41%,0.0,0.15,0.38,24923,17268,11134,7704,3230
1655,ad_id_927,ad_set_054,1.2,0.0,25.37%,47.06%,11.94%,1.03,65,0,0.00%,0.0,0.0,0.0,17,12,11,5,3
1656,ad_id_277,ad_set_097,29.52,0.0,43.70%,29.83%,13.03%,1.03,2457,0,0.00%,0.0,0.58,2.02,1103,864,400,261,165
1657,ad_id_1007,ad_set_022,68.84,1.24,36.78%,24.10%,8.86%,1.04,4560,2,4.22%,34.42,0.63,2.3,1743,1546,871,525,421
1658,ad_id_95,ad_set_051,21.74,0.0,44.26%,33.04%,14.62%,1.02,1528,0,0.00%,0.0,0.51,2.76,690,521,274,165,97
1659,ad_id_479,ad_set_049,0.86,0.0,25.64%,15.00%,3.85%,1.03,76,0,0.00%,0.0,0.86,1.28,20,4,5,2,2
1660,ad_id_368,ad_set_092,42.59,0.0,31.74%,22.21%,7.05%,1.02,2454,0,0.00%,0.0,1.15,1.47,797,690,389,229,178
1661,ad_id_1532,ad_set_109,22.57,1.89,43.72%,31.60%,13.81%,1.0,1759,1,5.69%,22.57,0.81,1.59,769,600,280,190,114
1662,ad_id_127,ad_set_114,1.01,0.0,36.59%,53.33%,19.51%,1.0,41,0,0.00%,0.0,0.0,0.0,15,11,9,2,1
1663,ad_id_312,ad_set_051,25.76,0.0,32.83%,21.03%,6.90%,1.06,1552,0,0.00%,0.0,0.95,1.64,542,475,255,163,114
1664,ad_id_1799,ad_set_021,19.95,0.0,36.88%,60.15%,22.18%,1.22,13994,827,483.77%,0.02,0.02,5.98,6304,4935,3917,2887,2543
1665,ad_id_1781,ad_set_023,39.65,0.0,27.40%,37.97%,10.40%,1.15,30253,1078,310.34%,0.04,0.03,4.49,9519,7027,4028,3211,2534
1666,ad_id_1050,ad_set_047,25.21,0.0,36.11%,20.38%,7.36%,1.05,1794,0,0.00%,0.0,0.81,1.65,677,590,304,193,139
1667,ad_id_9,ad_set_020,0.58,0.0,37.21%,12.50%,4.65%,1.0,43,0,0.00%,0.0,0.0,0.0,16,10,3,1,0
1668,ad_id_1438,ad_set_055,2.94,0.0,33.33%,20.37%,6.79%,1.02,159,0,0.00%,0.0,0.74,2.47,54,22,17,9,5
1669,ad_id_959,ad_set_090,2.78,0.0,38.00%,28.42%,10.80%,1.02,246,0,0.00%,0.0,2.78,0.4,95,51,33,15,6
1670,ad_id_1450,ad_set_050,24.9,0.0,36.43%,21.86%,7.96%,1.01,2216,0,0.00%,0.0,0.47,2.36,819,730,366,226,179
1671,ad_id_75,ad_set_050,0.84,0.0,37.31%,16.00%,5.97%,1.02,66,0,0.00%,0.0,0.0,0.0,25,10,3,1,1
1672,ad_id_1761,ad_set_007,4.44,0.0,32.08%,24.32%,7.80%,1.05,330,0,0.00%,0.0,0.89,1.45,111,50,34,19,12
1673,ad_id_1243,ad_set_080,43.51,0.0,35.02%,20.82%,7.29%,1.07,3187,0,0.00%,0.0,0.6,2.11,1196,1032,530,308,246
1674,ad_id_788,ad_set_109,1.91,0.0,29.82%,8.82%,2.63%,1.09,105,0,0.00%,0.0,1.91,0.88,34,17,4,2,2
1675,ad_id_1297,ad_set_120,24.9,0.0,34.78%,19.05%,6.63%,1.01,1985,0,0.00%,0.0,1.08,1.15,698,608,298,178,131
1676,ad_id_284,ad_set_066,0.72,0.0,31.48%,17.65%,5.56%,1.0,54,0,0.00%,0.0,0.0,0.0,17,9,4,2,2
1677,ad_id_1362,ad_set_088,2.97,0.0,30.18%,31.34%,9.46%,1.03,215,0,0.00%,0.0,0.74,1.8,67,33,30,9,6
1678,ad_id_530,ad_set_068,5.04,0.0,39.73%,23.49%,9.33%,1.02,367,0,0.00%,0.0,0.72,1.87,149,75,50,17,7
1679,ad_id_1030,ad_set_016,33.15,0.0,37.31%,17.85%,6.66%,1.05,2819,0,0.00%,0.0,0.66,1.68,1109,977,492,265,195
1680,ad_id_1400,ad_set_006,0.77,0.0,28.57%,33.33%,9.52%,1.02,41,0,0.00%,0.0,0.77,2.38,12,6,4,2,2
1681,ad_id_1602,ad_set_046,1.21,0.0,30.14%,18.18%,5.48%,1.06,69,0,0.00%,0.0,0.0,0.0,22,11,6,0,0
1682,ad_id_824,ad_set_087,2.89,0.0,38.10%,18.06%,6.88%,1.03,184,0,0.00%,0.0,0.96,1.59,72,26,24,8,6
1683,ad_id_1746,ad_set_098,35.11,0.0,35.00%,20.50%,7.17%,1.06,2594,0,0.00%,0.0,0.66,1.92,966,843,441,251,197
1684,ad_id_1078,ad_set_002,46.52,0.0,34.94%,21.42%,7.49%,1.0,3493,0,0.00%,0.0,0.68,1.94,1223,1058,539,330,264
1685,ad_id_1072,ad_set_102,0.61,0.0,36.73%,11.11%,4.08%,1.0,49,0,0.00%,0.0,0.61,2.04,18,10,2,2,0
1686,ad_id_467,ad_set_073,2.71,0.0,36.71%,27.59%,10.13%,1.0,237,0,0.00%,0.0,0.9,1.27,87,43,33,13,7
1687,ad_id_1277,ad_set_090,5.06,0.0,32.38%,27.45%,8.89%,1.02,309,0,0.00%,0.0,1.69,0.95,102,48,39,16,5
1688,ad_id_1227,ad_set_090,0.46,0.0,38.10%,18.75%,7.14%,1.08,39,0,0.00%,0.0,0.0,0.0,16,7,3,2,1
1689,ad_id_1114,ad_set_055,44.42,0.95,34.38%,22.64%,7.79%,1.01,3345,1,2.97%,44.42,0.72,1.84,1157,1019,550,326,260
1690,ad_id_250,ad_set_092,0.83,0.0,20.75%,18.18%,3.77%,1.02,52,0,0.00%,0.0,0.42,3.77,11,6,3,3,3
1691,ad_id_726,ad_set_090,3.85,0.0,38.91%,19.77%,7.69%,1.02,217,0,0.00%,0.0,0.48,3.62,86,35,25,12,4
1692,ad_id_903,ad_set_056,45.2,0.0,35.32%,18.76%,6.62%,1.04,3273,0,0.00%,0.0,0.67,1.96,1205,1046,536,296,228
1693,ad_id_1188,ad_set_068,4.32,0.0,31.48%,31.25%,9.84%,1.04,294,0,0.00%,0.0,0.62,2.3,96,51,39,23,9
1694,ad_id_36,ad_set_094,0.83,0.0,35.19%,5.26%,1.85%,1.0,54,0,0.00%,0.0,0.0,0.0,19,7,1,1,0
1695,ad_id_844,ad_set_059,44.68,0.89,32.60%,20.64%,6.73%,1.02,3583,1,2.73%,44.68,0.76,1.61,1192,1037,534,315,245
1696,ad_id_279,ad_set_068,4.39,0.0,50.45%,17.70%,8.93%,1.01,222,0,0.00%,0.0,0.88,2.23,113,48,20,12,8
1697,ad_id_1773,ad_set_076,0.08,0.0,18.75%,0.00%,0.00%,1.0,16,0,0.00%,0.0,0.0,0.0,3,2,0,0,0
1698,ad_id_1051,ad_set_047,7.67,0.0,63.10%,21.66%,13.67%,1.0,439,0,0.00%,0.0,1.53,1.14,277,181,94,52,30
1699,ad_id_689,ad_set_008,0.0,0.0,0.00%,0.00%,0.00%,1.0,2,0,0.00%,0.0,0.0,0.0,0,0,0,0,0
1700,ad_id_1467,ad_set_037,7.9,0.0,44.28%,23.84%,10.56%,1.08,315,0,0.00%,0.0,2.63,0.88,151,61,36,25,17
1701,ad_id_1682,ad_set_090,3.0,0.0,62.92%,21.85%,13.75%,1.01,237,0,0.00%,0.0,0.75,1.67,151,95,48,31,16
1702,ad_id_661,ad_set_062,2.12,0.0,57.85%,28.57%,16.53%,1.03,118,0,0.00%,0.0,1.06,1.65,70,32,20,12,9
1703,ad_id_1368,ad_set_080,0.0,0.0,0.00%,0.00%,0.00%,1.0,1,0,0.00%,0.0,0.0,0.0,0,0,0,0,0
1704,ad_id_1427,ad_set_086,8.81,0.0,57.21%,18.57%,10.62%,1.0,659,0,0.00%,0.0,1.76,0.76,377,228,110,67,40
1705,ad_id_598,ad_set_094,0.84,0.0,15.15%,20.00%,3.03%,1.03,32,0,0.00%,0.0,0.0,0.0,5,4,2,2,1
1706,ad_id_846,ad_set_043,3.62,0.0,51.02%,27.00%,13.78%,1.01,195,0,0.00%,0.0,1.21,1.53,100,36,27,19,11
1707,ad_id_1474,ad_set_049,6.59,0.0,61.71%,17.90%,11.05%,1.04,507,0,0.00%,0.0,0.94,1.33,324,199,103,57,30
1708,ad_id_1204,ad_set_036,5.51,0.0,62.84%,18.28%,11.49%,1.01,438,0,0.00%,0.0,1.38,0.9,279,180,84,48,27
1709,ad_id_252,ad_set_073,0.0,0.0,0.00%,0.00%,0.00%,1.0,1,0,0.00%,0.0,0.0,0.0,0,0,0,0,0
1710,ad_id_1637,ad_set_050,5.35,0.0,52.48%,29.13%,15.29%,1.02,238,0,0.00%,0.0,1.07,2.07,127,55,37,22,11
1711,ad_id_646,ad_set_019,0.72,0.0,42.86%,16.67%,7.14%,1.0,14,0,0.00%,0.0,0.0,0.0,6,4,2,2,1
1712,ad_id_527,ad_set_098,6.4,0.0,65.28%,18.25%,11.92%,1.04,372,0,0.00%,0.0,1.6,1.04,252,149,81,46,27
1713,ad_id_394,ad_set_088,4.19,0.0,50.47%,23.15%,11.68%,1.01,212,0,0.00%,0.0,2.1,0.93,108,43,25,16,11
1714,ad_id_684,ad_set_053,3.57,0.0,43.86%,26.00%,11.40%,1.02,112,0,0.00%,0.0,1.79,1.75,50,17,13,7,2
1715,ad_id_873,ad_set_062,0.14,0.0,20.00%,0.00%,0.00%,1.0,5,0,0.00%,0.0,0.0,0.0,1,0,0,0,0
1716,ad_id_1683,ad_set_118,7.51,0.0,60.59%,20.59%,12.48%,1.0,504,0,0.00%,0.0,0.94,1.58,306,203,99,59,41
1717,ad_id_1478,ad_set_020,0.63,0.0,25.42%,20.00%,5.08%,1.0,59,0,0.00%,0.0,0.0,0.0,15,14,4,3,3
1718,ad_id_327,ad_set_054,0.78,0.0,41.30%,28.95%,11.96%,1.06,87,0,0.00%,0.0,0.78,1.09,38,19,11,10,4
1719,ad_id_13,ad_set_018,9.77,0.0,64.74%,15.56%,10.07%,1.04,650,0,0.00%,0.0,1.4,1.04,437,271,120,63,38
1720,ad_id_1302,ad_set_043,0.01,0.0,0.00%,0.00%,0.00%,1.25,4,0,0.00%,0.0,0.0,0.0,0,0,0,0,0
1721,ad_id_1704,ad_set_103,2.55,0.0,48.23%,17.65%,8.51%,1.01,140,0,0.00%,0.0,0.0,0.0,68,25,12,10,6
1722,ad_id_1098,ad_set_054,8.64,0.0,60.97%,19.28%,11.76%,1.0,825,0,0.00%,0.0,1.23,0.85,503,333,173,94,49
1723,ad_id_1385,ad_set_019,0.19,0.0,16.67%,0.00%,0.00%,1.0,6,0,0.00%,0.0,0.0,0.0,1,1,1,0,0
1724,ad_id_869,ad_set_109,1.9,0.0,42.40%,33.96%,14.40%,1.0,125,0,0.00%,0.0,0.95,1.6,53,24,18,11,5
1725,ad_id_553,ad_set_037,9.16,0.0,62.61%,16.23%,10.16%,1.0,551,0,0.00%,0.0,9.16,0.18,345,219,98,60,30
1726,ad_id_678,ad_set_073,5.6,0.0,49.87%,29.71%,14.81%,1.04,730,0,0.00%,0.0,0.62,1.19,377,321,214,134,91
1727,ad_id_469,ad_set_041,4.36,0.0,56.19%,38.98%,21.90%,1.02,720,0,0.00%,0.0,0.36,1.63,413,364,261,175,152
1728,ad_id_521,ad_set_019,78.71,0.33,44.57%,37.43%,16.68%,1.1,6031,1,1.51%,78.71,0.29,4.1,2944,2551,1753,1249,1004
1729,ad_id_1601,ad_set_069,127.03,0.55,43.98%,36.24%,15.94%,1.17,8902,3,2.89%,42.34,0.31,3.92,4561,3898,2680,1902,1519
1730,ad_id_1483,ad_set_061,107.27,0.42,44.22%,35.12%,15.53%,1.11,7093,1,1.27%,107.27,0.39,3.47,3471,2982,2002,1381,1108
1731,ad_id_1221,ad_set_026,41.22,0.0,43.69%,32.06%,14.01%,1.07,3023,0,0.00%,0.0,0.41,3.08,1419,1176,780,530,415
1732,ad_id_1484,ad_set_050,38.65,0.0,42.05%,37.90%,15.94%,1.06,2839,0,0.00%,0.0,0.33,3.91,1269,1087,761,536,452
1733,ad_id_540,ad_set_102,19.62,0.0,43.74%,33.58%,14.69%,1.12,1357,0,0.00%,0.0,0.58,2.23,667,565,367,251,208
1734,ad_id_1208,ad_set_027,21.38,0.0,44.35%,35.00%,15.52%,1.1,2135,0,0.00%,0.0,0.45,2.0,1040,864,576,412,328
1735,ad_id_1089,ad_set_018,71.1,1.62,45.34%,35.30%,16.00%,1.06,5672,3,5.01%,23.7,0.46,2.6,2717,2330,1558,1111,861
1736,ad_id_96,ad_set_107,29.18,0.0,48.49%,31.47%,15.26%,1.07,1833,1,5.12%,29.18,0.58,2.56,947,812,508,359,271
1737,ad_id_280,ad_set_018,52.87,0.72,48.85%,31.15%,15.22%,1.03,3927,2,4.92%,26.44,0.53,2.44,1984,1652,1057,716,564
1738,ad_id_526,ad_set_076,0.0,0.0,25.00%,0.00%,0.00%,1.0,4,0,0.00%,0.0,0.0,0.0,1,0,0,0,0
1739,ad_id_982,ad_set_111,0.19,0.0,45.45%,20.00%,9.09%,1.0,11,0,0.00%,0.0,0.0,0.0,5,2,1,0,0
1740,ad_id_766,ad_set_023,3.2,0.0,57.55%,41.80%,24.06%,1.01,209,0,0.00%,0.0,0.36,4.25,122,109,74,57,45
1741,ad_id_1276,ad_set_090,2.64,0.0,47.62%,25.00%,11.90%,1.0,126,0,0.00%,0.0,1.32,1.59,60,34,20,11,6
1742,ad_id_808,ad_set_099,55.49,1.28,44.47%,36.38%,16.18%,1.08,2971,2,6.25%,27.75,0.42,4.15,1424,1201,840,604,476
1743,ad_id_1680,ad_set_092,2.2,0.0,34.95%,16.67%,5.83%,1.0,103,0,0.00%,0.0,0.0,0.0,36,20,7,4,1
1744,ad_id_1744,ad_set_106,56.08,1.27,44.92%,36.99%,16.61%,1.02,3154,2,6.23%,28.04,0.39,4.52,1441,1202,832,599,483
1745,ad_id_447,ad_set_019,1.51,0.0,40.32%,24.00%,9.68%,1.0,62,0,0.00%,0.0,0.76,3.23,25,13,6,3,0
1746,ad_id_1151,ad_set_094,2.93,0.0,33.78%,26.00%,8.78%,1.0,148,0,0.00%,0.0,2.93,0.68,50,26,14,7,4
1747,ad_id_1559,ad_set_103,2.49,0.0,45.86%,23.61%,10.83%,1.01,155,0,0.00%,0.0,0.83,1.91,72,39,17,10,9
1748,ad_id_1518,ad_set_012,2.25,0.0,38.26%,25.00%,9.57%,1.01,114,0,0.00%,0.0,1.13,1.74,44,22,13,6,4
1749,ad_id_1735,ad_set_001,15.46,0.0,58.79%,39.67%,23.32%,1.05,881,0,0.00%,0.0,0.42,4.01,542,481,343,250,198
1750,ad_id_891,ad_set_075,188.44,1.06,52.35%,34.39%,18.01%,1.1,13061,9,6.29%,20.94,0.47,2.77,7496,6353,4279,2996,2350
1751,ad_id_1593,ad_set_044,3.45,0.0,44.28%,19.10%,8.46%,1.01,199,0,0.00%,0.0,1.15,1.49,89,35,18,8,5
1752,ad_id_341,ad_set_066,1.78,0.0,49.32%,11.11%,5.48%,1.06,69,0,0.00%,0.0,0.89,2.74,36,17,4,3,1
1753,ad_id_44,ad_set_105,0.29,0.0,33.33%,12.50%,4.17%,1.04,23,0,0.00%,0.0,0.0,0.0,8,2,1,1,1
1754,ad_id_1080,ad_set_001,3.47,0.0,43.26%,30.11%,13.02%,1.0,215,0,0.00%,0.0,0.87,1.86,93,45,26,13,7
1755,ad_id_160,ad_set_044,16.09,0.0,59.86%,37.41%,22.39%,1.02,1141,0,0.00%,0.0,0.43,3.19,695,607,420,298,224
1756,ad_id_8,ad_set_018,5.89,0.0,54.86%,30.54%,16.76%,1.01,365,0,0.00%,0.0,0.59,2.7,203,178,109,73,55
1757,ad_id_1444,ad_set_047,3.77,0.0,49.62%,29.01%,14.39%,1.01,262,0,0.00%,0.0,1.26,1.14,131,103,57,40,37
1758,ad_id_633,ad_set_106,5.81,0.0,40.40%,31.88%,12.88%,1.01,393,0,0.00%,0.0,1.45,1.01,160,80,42,26,14
1759,ad_id_1650,ad_set_072,1.9,0.0,30.39%,41.94%,12.75%,1.02,100,0,0.00%,0.0,1.9,0.98,31,18,10,8,6
1760,ad_id_220,ad_set_106,0.96,0.0,35.56%,37.50%,13.33%,1.0,45,0,0.00%,0.0,0.96,2.22,16,10,7,5,4
1761,ad_id_143,ad_set_034,93.57,1.03,43.87%,31.40%,13.78%,1.12,5763,4,6.21%,23.39,0.39,3.75,2828,2382,1543,1048,808
1762,ad_id_1131,ad_set_011,4.55,0.0,37.54%,30.33%,11.38%,1.03,315,0,0.00%,0.0,0.27,5.23,122,63,32,20,9
1763,ad_id_506,ad_set_002,8.73,0.0,53.65%,31.18%,16.73%,1.06,490,0,0.00%,0.0,0.49,3.46,279,230,151,103,75
1764,ad_id_466,ad_set_056,0.48,0.0,36.36%,0.00%,0.00%,1.05,21,0,0.00%,0.0,0.0,0.0,8,4,0,0,0
1765,ad_id_1348,ad_set_094,14.76,1.78,59.24%,32.51%,19.26%,1.09,1066,2,17.27%,7.38,0.45,2.85,686,594,402,270,207
1766,ad_id_99,ad_set_106,0.63,0.0,51.43%,27.78%,14.29%,1.03,68,0,0.00%,0.0,0.0,0.0,36,17,10,6,2
1767,ad_id_1458,ad_set_010,1.1,0.0,32.76%,21.05%,6.90%,1.0,58,0,0.00%,0.0,0.0,0.0,19,7,4,4,3
1768,ad_id_751,ad_set_003,10.88,0.0,42.12%,19.26%,8.11%,1.03,623,0,0.00%,0.0,2.18,0.78,270,137,56,30,19
1769,ad_id_1663,ad_set_092,17.76,0.0,44.55%,30.76%,13.70%,1.05,1184,0,0.00%,0.0,0.51,2.8,556,301,154,95,53
1770,ad_id_322,ad_set_081,21.16,2.13,43.82%,27.43%,12.02%,1.03,1420,1,6.87%,21.16,0.73,1.99,638,345,165,91,45
1771,ad_id_1494,ad_set_001,7.34,0.0,50.58%,26.94%,13.63%,1.01,430,0,0.00%,0.0,1.47,1.15,219,123,65,33,16
1772,ad_id_1779,ad_set_086,37.68,1.4,48.40%,25.75%,12.46%,1.02,2301,2,8.54%,18.84,0.8,2.01,1134,562,266,135,63
1773,ad_id_1605,ad_set_082,16.14,0.0,48.18%,24.05%,11.59%,1.03,909,0,0.00%,0.0,1.08,1.61,449,238,117,65,34
1774,ad_id_1328,ad_set_069,55.11,1.66,41.02%,30.29%,12.42%,1.09,3455,3,7.98%,18.37,0.5,2.95,1542,824,423,233,124
1775,ad_id_1449,ad_set_101,28.38,2.31,49.44%,26.05%,12.88%,1.01,1675,3,17.80%,9.46,0.89,1.9,833,446,234,135,75
1776,ad_id_1726,ad_set_029,5.44,0.0,48.23%,34.86%,16.81%,1.02,221,0,0.00%,0.0,1.81,1.33,109,59,36,24,13
1777,ad_id_1209,ad_set_007,6.79,0.0,40.49%,14.00%,5.67%,1.0,246,0,0.00%,0.0,2.26,1.21,100,57,17,10,5
1778,ad_id_1139,ad_set_098,8.8,0.0,54.04%,32.24%,17.42%,1.0,396,0,0.00%,0.0,0.98,2.27,214,112,59,37,20
1779,ad_id_1575,ad_set_007,9.53,0.0,54.18%,27.75%,15.04%,1.01,413,0,0.00%,0.0,1.19,1.91,227,114,58,36,16
1780,ad_id_1357,ad_set_068,33.28,0.53,47.42%,25.13%,11.91%,1.01,2060,3,14.35%,11.09,0.9,1.77,991,486,229,139,73
1781,ad_id_246,ad_set_073,2.41,0.0,43.43%,25.58%,11.11%,1.02,97,0,0.00%,0.0,2.41,1.01,43,16,11,6,5
1782,ad_id_949,ad_set_008,9.19,0.0,53.12%,31.32%,16.64%,1.03,513,0,0.00%,0.0,0.48,3.59,281,142,81,47,24
1783,ad_id_62,ad_set_106,21.48,1.46,54.66%,28.53%,15.60%,1.03,1336,1,7.29%,21.48,0.67,2.33,750,394,194,115,61
1784,ad_id_1232,ad_set_070,23.28,0.0,49.18%,26.80%,13.18%,1.06,1150,0,0.00%,0.0,0.78,2.47,597,304,141,88,52
1785,ad_id_1552,ad_set_069,7.9,0.0,52.86%,24.32%,12.86%,1.05,334,0,0.00%,0.0,0.79,2.86,185,89,41,20,11
1786,ad_id_888,ad_set_090,8.69,0.0,50.31%,22.63%,11.39%,1.0,483,0,0.00%,0.0,1.24,1.45,243,136,62,29,12
1787,ad_id_1410,ad_set_044,2.65,0.0,48.23%,22.06%,10.64%,1.01,140,0,0.00%,0.0,0.66,2.84,68,32,17,10,5
1788,ad_id_509,ad_set_109,9.5,0.0,52.86%,26.13%,13.81%,1.01,417,0,0.00%,0.0,0.95,2.38,222,124,59,30,12
1789,ad_id_1059,ad_set_002,2.29,0.0,52.34%,25.00%,13.08%,1.02,105,0,0.00%,0.0,0.46,4.67,56,32,14,7,3
1790,ad_id_1728,ad_set_106,1.07,0.0,50.00%,16.13%,8.06%,1.03,60,0,0.00%,0.0,0.0,0.0,31,15,7,3,0
1791,ad_id_590,ad_set_073,2.04,0.0,53.16%,40.48%,21.52%,1.0,79,0,0.00%,0.0,0.51,5.06,42,27,17,12,8
1792,ad_id_1639,ad_set_031,6.5,0.0,47.34%,21.89%,10.36%,1.05,340,0,0.00%,0.0,0.72,2.52,169,94,38,20,15
1793,ad_id_904,ad_set_023,10.82,0.0,50.33%,22.77%,11.46%,1.02,589,0,0.00%,0.0,0.98,1.83,303,167,75,48,31
1794,ad_id_209,ad_set_054,15.22,0.0,48.57%,24.45%,11.88%,1.0,838,0,0.00%,0.0,0.59,3.09,409,238,104,59,33
1795,ad_id_991,ad_set_001,20.75,0.0,51.64%,25.75%,13.29%,1.05,993,1,9.63%,20.75,0.63,3.18,536,249,124,78,46
1796,ad_id_418,ad_set_018,5.38,0.0,50.00%,28.68%,14.34%,1.05,246,0,0.00%,0.0,0.77,2.71,129,75,39,20,16
1797,ad_id_119,ad_set_061,5.56,0.0,52.00%,27.97%,14.55%,1.01,272,0,0.00%,0.0,1.39,1.45,143,69,39,21,12
1798,ad_id_1557,ad_set_010,0.05,0.0,0.00%,0.00%,0.00%,1.0,3,0,0.00%,0.0,0.0,0.0,0,0,0,0,0
1799,ad_id_1787,ad_set_114,0.01,0.0,0.00%,0.00%,0.00%,1.0,3,0,0.00%,0.0,0.0,0.0,0,0,0,0,0
1800,ad_id_1760,ad_set_023,9.74,0.0,35.80%,30.16%,10.80%,1.03,341,0,0.00%,0.0,4.87,0.57,126,62,34,15,4
